DATASET_EXTERNALSHAPE
SEPARATOR TAB
DATASET_LABEL	Annotation
COLOR	#ff0000
FIELD_COLORS	rgb(169,214,231)	rgb(162,126,194)	rgb(65,189,105)	rgb(39,132,228)	rgb(221,66,61)	rgb(167,122,128)	rgb(36,179,187)	rgb(70,9,102)	rgb(244,29,193)	rgb(115,201,3)	rgb(228,220,225)	rgb(228,200,232)	rgb(162,237,93)	rgb(187,95,169)	rgb(198,122,76)	rgb(161,117,200)	rgb(181,246,50)	rgb(145,122,57)	rgb(177,30,5)	rgb(96,82,132)	rgb(146,127,209)	rgb(252,43,151)	rgb(121,91,129)	rgb(212,214,55)	rgb(42,168,41)	rgb(59,215,65)	rgb(178,4,55)	rgb(200,132,230)	rgb(132,116,99)	rgb(66,216,138)	rgb(47,110,67)	rgb(169,236,133)	rgb(62,3,197)	rgb(127,36,111)	rgb(232,99,192)	rgb(244,118,130)	rgb(73,80,80)	rgb(7,60,117)	rgb(200,22,53)	rgb(15,31,5)	rgb(222,121,253)	rgb(15,83,132)	rgb(244,205,52)	rgb(180,114,184)	rgb(89,89,148)	rgb(94,75,126)	rgb(210,220,136)	rgb(26,35,113)	rgb(166,188,160)	rgb(49,199,202)	rgb(226,23,227)	rgb(20,174,245)	rgb(181,254,239)	rgb(143,157,226)	rgb(101,14,103)	rgb(214,35,206)	rgb(253,145,36)	rgb(129,80,65)	rgb(146,100,28)	rgb(208,48,162)	rgb(145,2,183)	rgb(106,114,235)	rgb(236,42,4)	rgb(111,0,17)	rgb(52,208,0)	rgb(18,180,89)	rgb(244,53,56)	rgb(236,71,65)	rgb(7,199,98)	rgb(94,21,169)	rgb(199,42,192)	rgb(103,238,41)	rgb(238,110,182)	rgb(243,242,7)	rgb(69,16,145)	rgb(121,29,9)	rgb(230,220,97)	rgb(33,104,191)	rgb(202,228,248)	rgb(8,119,211)	rgb(25,115,138)	rgb(37,10,86)	rgb(54,164,250)	rgb(200,70,166)	rgb(15,163,39)	rgb(204,222,21)	rgb(145,24,221)
FIELD_LABELS	arCOG00874	COG1061	arCOG00558	COG0513	arCOG04748	COG0556	arCOG00557	COG1201	arCOG00553	COG1204	arCOG00555	COG1205	arCOG01445	COG1203	243RC	2XSV4	242TM	2XSTH	24372	2XTPR	24373	2XUCK	arCOG00554	COG1202	243HG	2XTWI	2XUS4	243PF	2XTH2	arCOG00770	COG1199	2439N	2XTYQ	243CX	2XTBV	arCOG00872	COG1111	2XVU4	arCOG01526	COG1110	arCOG00880	COG4096	arCOG03143	2Y8EB	arCOG04818	COG0553	arCOG01444	arCOG00883	23SJE	23S7C	2XTDD	23S0J	23SJ7	2XTQ1	arCOG00871	23T74	23S50	23SI2	23SY6	2XPUH	2N99K	2N92E	2N9AX	2N91F	2N96V	2XTM8	2N9A8	2N9EH	2XW8W	arCOG00560	COG0514	2N90P	2XPNI	2XPXY	2XQ43	2XPRS	2XPXU	2XPXA	23RXK	2XTC2	23SWE	2XQ6W	2XQ1C	2XPTB	41SZS	arCOG00876	arCOG08693
LEGEND_TITLE	Legend
LEGEND_POSITION_X	100
LEGEND_POSITION_Y	100
LEGEND_SHAPES	1	1	1	1	1	1	1	1	1	1	1	1	1	1	1	1	1	1	1	1	1	1	1	1	1	1	1	1	1	1	1	1	1	1	1	1	1	1	1	1	1	1	1	1	1	1	1	1	1	1	1	1	1	1	1	1	1	1	1	1	1	1	1	1	1	1	1	1	1	1	1	1	1	1	1	1	1	1	1	1	1	1	1	1	1	1	1
LEGEND_COLORS	rgb(169,214,231)	rgb(162,126,194)	rgb(65,189,105)	rgb(39,132,228)	rgb(221,66,61)	rgb(167,122,128)	rgb(36,179,187)	rgb(70,9,102)	rgb(244,29,193)	rgb(115,201,3)	rgb(228,220,225)	rgb(228,200,232)	rgb(162,237,93)	rgb(187,95,169)	rgb(198,122,76)	rgb(161,117,200)	rgb(181,246,50)	rgb(145,122,57)	rgb(177,30,5)	rgb(96,82,132)	rgb(146,127,209)	rgb(252,43,151)	rgb(121,91,129)	rgb(212,214,55)	rgb(42,168,41)	rgb(59,215,65)	rgb(178,4,55)	rgb(200,132,230)	rgb(132,116,99)	rgb(66,216,138)	rgb(47,110,67)	rgb(169,236,133)	rgb(62,3,197)	rgb(127,36,111)	rgb(232,99,192)	rgb(244,118,130)	rgb(73,80,80)	rgb(7,60,117)	rgb(200,22,53)	rgb(15,31,5)	rgb(222,121,253)	rgb(15,83,132)	rgb(244,205,52)	rgb(180,114,184)	rgb(89,89,148)	rgb(94,75,126)	rgb(210,220,136)	rgb(26,35,113)	rgb(166,188,160)	rgb(49,199,202)	rgb(226,23,227)	rgb(20,174,245)	rgb(181,254,239)	rgb(143,157,226)	rgb(101,14,103)	rgb(214,35,206)	rgb(253,145,36)	rgb(129,80,65)	rgb(146,100,28)	rgb(208,48,162)	rgb(145,2,183)	rgb(106,114,235)	rgb(236,42,4)	rgb(111,0,17)	rgb(52,208,0)	rgb(18,180,89)	rgb(244,53,56)	rgb(236,71,65)	rgb(7,199,98)	rgb(94,21,169)	rgb(199,42,192)	rgb(103,238,41)	rgb(238,110,182)	rgb(243,242,7)	rgb(69,16,145)	rgb(121,29,9)	rgb(230,220,97)	rgb(33,104,191)	rgb(202,228,248)	rgb(8,119,211)	rgb(25,115,138)	rgb(37,10,86)	rgb(54,164,250)	rgb(200,70,166)	rgb(15,163,39)	rgb(204,222,21)	rgb(145,24,221)
LEGEND_LABELS	arCOG00874	COG1061	arCOG00558	COG0513	arCOG04748	COG0556	arCOG00557	COG1201	arCOG00553	COG1204	arCOG00555	COG1205	arCOG01445	COG1203	243RC	2XSV4	242TM	2XSTH	24372	2XTPR	24373	2XUCK	arCOG00554	COG1202	243HG	2XTWI	2XUS4	243PF	2XTH2	arCOG00770	COG1199	2439N	2XTYQ	243CX	2XTBV	arCOG00872	COG1111	2XVU4	arCOG01526	COG1110	arCOG00880	COG4096	arCOG03143	2Y8EB	arCOG04818	COG0553	arCOG01444	arCOG00883	23SJE	23S7C	2XTDD	23S0J	23SJ7	2XTQ1	arCOG00871	23T74	23S50	23SI2	23SY6	2XPUH	2N99K	2N92E	2N9AX	2N91F	2N96V	2XTM8	2N9A8	2N9EH	2XW8W	arCOG00560	COG0514	2N90P	2XPNI	2XPXY	2XQ43	2XPRS	2XPXU	2XPXA	23RXK	2XTC2	23SWE	2XQ6W	2XQ1C	2XPTB	41SZS	arCOG00876	arCOG08693
LEGEND_SHAPE_SCALES	1	1	1	1	1	1	1	1	1	1	1	1	1	1	1	1	1	1	1	1	1	1	1	1	1	1	1	1	1	1	1	1	1	1	1	1	1	1	1	1	1	1	1	1	1	1	1	1	1	1	1	1	1	1	1	1	1	1	1	1	1	1	1	1	1	1	1	1	1	1	1	1	1	1	1	1	1	1	1	1	1	1	1	1	1	1	1
DATA
'Nitrososphaera viennensis EN76'	50	50	50	50	50	50	50	50	50	50	50	50	50	50	0	0	0	0	0	0	0	0	0	0	0	0	0	0	0	0	0	0	0	0	0	0	0	0	0	0	0	0	0	0	0	0	0	0	0	0	0	0	0	0	0	0	0	0	0	0	0	0	0	0	0	0	0	0	0	0	0	0	0	0	0	0	0	0	0	0	0	0	0	0	0	0	0
'Palaeococcus pacificus DY20341'	50	50	50	50	0	0	50	50	50	50	50	50	50	50	50	50	50	50	50	50	50	50	50	50	50	50	50	50	50	50	50	50	50	50	50	50	50	50	50	50	0	0	0	0	0	0	0	0	0	0	0	0	0	0	0	0	0	0	0	0	0	0	0	0	0	0	0	0	0	0	0	0	0	0	0	0	0	0	0	0	0	0	0	0	0	0	0
'Candidatus Nitrososphaera evergladensis SR1'	50	50	50	50	50	50	50	50	50	50	50	50	50	50	0	0	0	0	0	0	0	0	0	0	0	0	0	0	0	0	0	0	0	0	0	0	0	0	0	0	50	50	0	0	0	0	0	0	0	0	0	0	0	0	0	0	0	0	0	0	0	0	0	0	0	0	0	0	0	0	0	0	0	0	0	0	0	0	0	0	0	0	0	0	0	0	0
'Methanobacterium formicicum'	0	0	50	50	0	0	50	50	50	50	50	50	50	50	0	50	0	50	0	50	0	0	0	50	0	50	50	0	0	0	0	0	0	0	50	50	50	0	0	0	0	0	50	0	0	0	0	0	0	0	0	0	0	0	0	0	0	0	0	0	0	0	0	0	0	0	0	0	0	0	0	0	0	0	0	0	0	0	0	0	0	0	0	0	0	0	0
'Thermococcus eurythermalis'	50	50	0	0	0	0	50	50	50	50	50	50	50	50	50	50	50	50	50	50	50	50	50	50	50	50	0	50	50	50	50	50	50	50	50	50	50	50	50	50	0	0	0	50	50	50	50	0	0	0	0	0	0	0	0	0	0	0	0	0	0	0	0	0	0	0	0	0	0	0	0	0	0	0	0	0	0	0	0	0	0	0	0	0	0	0	0
'Geoglobus acetivorans'	0	0	0	0	0	0	50	50	50	50	50	50	50	50	0	50	0	50	0	50	0	0	0	0	0	50	0	0	0	0	0	0	0	0	50	50	50	0	0	0	0	0	0	0	0	0	0	0	0	0	0	0	0	0	0	0	0	0	0	0	0	0	0	0	0	0	0	0	0	0	0	0	0	0	0	0	0	0	0	0	0	0	0	0	0	0	0
'Candidatus Methanoplasma termitum'	0	0	50	50	0	0	50	50	50	50	0	0	0	0	0	50	0	50	0	0	0	0	0	0	0	0	50	0	50	50	50	0	0	0	50	50	50	0	0	0	0	0	0	0	0	0	0	0	0	0	0	0	0	0	0	0	0	0	0	0	0	0	0	0	0	0	0	0	0	0	0	0	0	0	0	0	0	0	0	0	0	0	0	0	0	0	0
'Candidatus Nitrosopelagicus brevis'	0	0	50	50	0	0	50	50	50	50	0	0	0	0	0	0	0	0	0	0	0	0	0	0	0	0	0	0	0	50	50	0	0	0	0	50	50	0	0	0	0	0	0	0	0	50	0	50	0	0	0	0	0	0	0	0	0	0	0	0	0	0	0	0	0	0	0	0	0	0	0	0	0	0	0	0	0	0	0	0	0	0	0	0	0	0	0
'Haloarcula'	0	0	0	0	0	0	50	50	50	50	50	50	0	0	0	50	0	50	0	50	0	50	50	50	0	0	0	0	50	50	50	0	0	0	50	50	50	0	0	0	0	0	0	0	0	50	0	0	50	50	50	50	50	50	50	50	50	50	50	0	0	0	0	0	0	0	0	0	0	0	0	0	0	0	0	0	0	0	0	0	0	0	0	0	0	0	0
'Archaeon GW2011_AR10'	0	0	0	0	0	0	50	50	50	50	0	0	0	0	0	0	0	50	0	0	0	0	0	0	0	0	0	0	0	0	0	0	0	50	50	50	50	0	0	0	0	0	0	0	0	0	0	0	0	0	0	0	0	0	0	0	0	0	0	50	0	0	0	0	0	0	0	0	0	0	0	0	0	0	0	0	0	0	0	0	0	0	0	0	0	0	0
'Archaeon GW2011_AR20'	0	0	50	50	0	0	50	50	0	0	0	0	0	0	0	0	0	50	0	0	0	0	0	0	0	0	50	50	50	50	50	0	0	0	50	50	50	0	0	0	0	0	0	0	0	0	0	0	0	0	0	0	0	0	0	0	0	0	0	0	50	0	0	0	0	0	0	0	0	0	0	0	0	0	0	0	0	0	0	0	0	0	0	0	0	0	0
'Nitrosopumilus adriaticus'	0	0	50	50	0	0	50	50	50	50	50	50	0	0	0	0	0	0	0	0	0	0	0	0	0	0	0	0	0	0	0	0	0	0	0	50	50	0	0	0	0	0	0	0	0	50	0	50	0	0	0	0	0	0	0	0	0	0	0	0	0	0	0	0	0	0	0	0	0	0	0	0	0	0	0	0	0	0	0	0	0	0	0	0	0	0	0
'uncultured archaeon'	0	0	0	0	0	0	50	50	50	50	0	0	0	0	0	50	0	50	0	0	0	0	0	0	0	0	0	0	50	50	50	0	0	0	0	0	0	0	0	0	0	0	0	50	50	50	0	0	0	0	0	0	0	0	0	0	0	0	0	0	0	0	0	0	0	0	0	0	0	0	0	0	0	0	0	0	0	0	0	0	0	0	0	0	0	0	0
'Methanosarcina thermophila'	50	50	50	50	50	50	50	50	50	50	50	50	0	0	0	50	0	50	0	50	0	50	50	50	0	0	50	0	50	50	50	0	50	0	50	50	50	0	0	0	0	0	0	0	0	0	0	0	0	0	0	0	0	0	0	0	0	0	0	0	50	50	50	50	50	50	50	50	50	50	50	50	0	0	0	0	0	0	0	0	0	0	0	0	0	0	0
'Methanosarcina'	50	50	50	50	0	0	50	50	50	50	50	50	50	50	0	50	0	50	0	50	0	50	50	50	0	50	50	0	50	50	50	0	50	0	50	50	50	0	0	0	0	0	0	0	0	50	0	50	0	0	0	0	0	0	0	0	0	0	0	0	50	50	50	50	50	0	50	50	50	50	50	50	0	0	0	0	0	0	0	0	0	0	0	0	0	0	0
'Methanosarcina siciliae T4/M'	50	50	50	50	0	0	50	50	50	50	50	50	0	0	0	50	0	50	0	50	0	50	50	50	0	0	50	0	0	0	0	0	50	0	50	50	50	0	0	0	0	0	0	0	0	50	0	50	0	0	0	0	0	0	0	0	0	0	0	0	50	50	50	0	50	0	50	50	50	50	50	50	0	0	0	0	0	0	0	0	0	0	0	0	0	0	0
'Methanosarcina vacuolata Z-761'	50	50	50	50	50	50	50	50	50	50	50	50	50	50	0	50	0	50	0	50	0	50	50	50	0	50	50	0	0	0	0	0	50	0	50	50	50	0	0	0	0	0	0	0	0	50	0	50	0	0	0	0	0	0	0	0	0	0	0	0	50	50	50	0	50	50	50	50	50	50	50	50	0	0	0	0	0	0	0	0	0	0	0	0	0	0	0
'Methanosarcina lacustris Z-7289'	50	50	50	50	50	50	50	50	50	50	50	50	50	50	0	50	0	50	0	50	0	50	50	50	0	50	50	0	50	50	50	0	50	0	50	50	50	0	0	0	50	50	0	0	0	50	0	50	0	0	0	0	0	0	0	0	0	0	0	0	50	50	50	50	50	50	50	50	50	50	50	50	0	0	0	0	0	0	0	0	0	0	0	0	0	0	0
'Methanosarcina horonobensis HB-1 = JCM 15518'	50	50	50	50	50	50	50	50	50	50	50	50	0	0	0	50	0	50	0	50	0	50	50	50	0	0	50	0	50	50	50	0	50	0	50	50	50	0	0	0	50	50	0	0	0	50	0	50	0	0	0	0	0	0	0	0	0	0	0	0	50	50	50	50	50	50	50	50	50	50	50	50	0	0	0	0	0	0	0	0	0	0	0	0	0	0	0
'Methanococcoides methylutens MM1'	0	50	50	50	50	50	50	50	50	50	50	50	50	50	0	50	0	50	0	50	0	50	50	50	0	50	50	0	50	50	50	0	0	0	50	50	50	0	0	0	50	50	50	0	0	0	0	0	0	0	0	0	0	0	0	0	0	0	0	0	50	50	50	50	50	50	50	50	50	50	50	50	0	0	0	0	0	0	0	0	0	0	0	0	0	0	0
'Thermofilum uzonense'	0	0	0	0	0	0	50	50	50	50	50	50	0	50	0	0	0	0	0	0	0	0	0	0	0	0	0	0	0	50	50	0	0	0	0	0	0	0	50	50	0	0	0	0	0	50	50	0	0	0	0	0	0	0	50	0	0	0	0	50	0	0	0	0	0	0	0	0	0	0	0	0	50	50	50	50	50	50	0	0	0	0	0	0	0	0	0
'Geoglobus ahangari'	0	0	0	0	0	0	50	50	50	50	50	50	50	50	0	50	0	50	0	50	0	0	0	0	0	50	0	0	0	0	0	0	0	0	50	50	50	0	0	0	0	0	0	50	50	50	0	0	0	0	0	0	0	0	0	0	0	0	0	0	0	0	0	0	0	0	0	0	0	0	0	0	0	0	0	0	0	0	0	0	0	0	0	0	0	0	0
'Halanaeroarchaeum sulfurireducens'	0	0	0	0	0	0	50	50	50	50	50	50	0	0	0	50	0	50	0	50	0	50	50	50	0	0	0	0	50	50	50	0	0	0	50	50	50	0	0	0	0	0	0	0	0	0	0	0	50	50	50	50	50	0	0	50	50	50	50	0	0	0	0	0	0	0	0	0	0	0	0	0	0	0	0	0	0	0	0	0	0	0	0	0	0	0	0
'Lokiarchaeum'	0	0	0	0	0	0	0	0	0	0	50	50	0	0	0	0	0	0	0	0	50	50	50	50	0	0	0	50	50	50	50	0	0	50	50	50	50	0	0	0	0	0	0	0	0	0	0	0	0	0	0	0	0	0	0	0	0	0	0	0	0	0	0	0	0	0	0	0	0	0	0	0	0	0	0	0	0	0	0	0	0	0	0	0	0	0	0
'Haloferax gibbonsii'	50	50	0	0	0	0	50	50	50	50	50	50	0	0	0	50	0	50	0	50	0	50	50	50	0	0	0	0	50	50	50	0	50	0	50	50	50	0	0	0	50	50	0	0	0	0	0	0	50	50	50	50	50	0	0	50	50	50	50	0	0	0	0	0	0	0	0	0	0	0	0	0	0	0	0	0	0	0	50	50	50	0	0	0	0	0	0
'Candidatus Nitrosocosmicus oleophilus'	50	50	50	50	50	50	50	50	50	50	0	0	0	0	0	0	0	0	0	0	0	0	0	0	0	0	0	0	0	0	0	0	0	50	50	50	50	0	0	0	0	0	0	0	0	0	0	0	0	0	0	0	0	0	0	0	0	0	0	0	0	0	0	0	0	0	0	0	0	0	0	0	0	0	0	0	0	0	0	0	0	0	0	0	0	0	0
'Pyrodictium delaneyi'	50	50	0	0	0	0	50	50	50	50	50	50	0	50	0	0	0	0	0	0	0	0	0	0	0	0	0	0	0	50	50	0	0	0	0	0	0	0	50	50	0	0	0	0	0	0	50	0	0	0	0	0	0	0	0	0	0	0	0	50	0	0	0	0	0	0	0	0	0	0	0	0	50	0	50	50	50	50	0	0	0	50	50	50	0	0	0
'Thermococcus thioreducens'	50	50	50	50	0	0	50	50	0	0	50	50	0	50	0	0	50	50	50	50	50	50	50	50	0	0	50	50	50	50	50	50	50	50	50	50	50	50	50	50	0	0	0	0	0	0	50	0	0	0	0	0	0	0	0	0	0	0	0	0	0	0	0	0	0	0	0	0	0	0	0	0	0	0	0	0	0	0	0	0	0	0	0	0	0	0	0
'Methanobrevibacter millerae'	0	50	50	50	0	0	50	50	50	50	50	50	0	0	0	50	0	50	0	50	0	50	50	50	0	0	50	0	0	50	50	0	0	0	50	50	50	0	0	0	0	0	0	0	0	50	0	50	0	0	0	0	0	0	0	0	0	0	0	0	0	0	0	0	0	0	0	0	0	0	0	0	0	0	0	0	0	0	0	0	0	0	0	0	0	0	0
'Ignicoccus islandicus DSM 13165'	50	50	0	0	0	0	50	50	50	50	50	50	0	50	0	0	0	0	0	0	0	0	0	0	0	0	0	0	0	0	0	0	0	0	0	0	0	0	50	50	0	0	0	0	0	50	50	0	0	0	0	0	0	0	50	0	0	0	0	50	0	0	0	0	0	0	0	0	0	0	0	0	50	0	50	0	50	50	0	0	0	50	0	50	0	0	0
'Halobacterium hubeiense'	0	0	0	0	0	0	50	50	50	50	50	50	0	0	0	50	0	50	0	50	0	50	50	50	0	0	0	0	50	50	50	0	0	0	50	50	50	0	0	0	0	0	0	0	0	0	0	0	50	50	50	50	50	0	0	50	50	50	50	0	0	0	0	0	0	0	0	0	0	0	0	0	0	0	0	0	0	0	0	0	0	0	0	0	0	0	0
'Thermococcus guaymasensis DSM 11113'	50	50	50	50	0	0	50	50	0	0	50	50	50	50	0	0	50	50	50	50	50	50	50	50	50	50	50	50	50	50	50	50	50	50	50	50	50	0	0	0	0	0	0	0	0	0	50	0	0	0	0	0	0	0	0	0	0	0	0	0	0	0	0	0	0	0	0	0	0	0	0	0	0	0	0	0	0	0	0	0	0	0	0	0	0	0	0
'Methanoculleus bourgensis'	0	50	50	50	50	50	50	50	50	50	0	50	0	0	0	50	0	50	0	0	0	50	50	50	0	0	50	0	50	50	50	0	0	0	50	50	50	0	0	0	50	50	0	50	50	50	0	0	0	0	0	0	0	50	50	0	0	0	0	0	50	50	50	50	0	50	50	50	50	50	50	50	0	0	0	0	0	0	0	0	0	0	0	0	0	0	0
'Acidilobus'	50	50	0	0	0	0	50	50	50	50	50	50	0	0	0	0	0	0	0	0	0	0	0	0	0	0	0	0	0	0	0	0	0	0	0	0	0	0	0	0	0	0	0	0	0	0	0	0	0	0	0	0	0	0	0	0	0	0	0	50	0	0	0	0	0	0	0	0	0	50	50	0	50	50	0	0	0	0	0	0	0	0	50	50	0	0	0
'methanogenic archaeon ISO4-H5'	0	0	50	50	0	0	50	50	50	50	0	0	50	50	0	50	0	50	0	0	0	0	0	0	0	50	50	0	50	50	50	0	0	0	50	50	50	0	0	0	0	0	0	0	0	0	0	0	0	0	0	0	0	0	0	0	0	0	0	0	0	0	0	0	0	0	0	0	0	0	0	0	0	0	0	0	0	0	0	0	0	0	0	0	0	0	0
'Methanobrevibacter olleyae'	0	50	0	0	0	0	50	50	50	50	50	50	50	50	0	50	0	50	0	50	0	50	50	50	0	50	0	0	0	0	0	0	0	0	50	50	50	0	0	0	0	0	50	50	50	50	0	0	0	0	0	0	0	0	0	0	0	0	0	0	0	0	0	0	0	0	0	0	0	0	0	0	0	0	0	0	0	0	0	0	0	0	0	0	0	0	0
'Pyrococcus kukulkanii'	50	50	0	0	0	0	50	50	50	50	50	50	50	50	50	50	50	50	50	50	50	50	50	50	50	50	0	50	50	50	50	50	50	50	50	50	50	0	0	0	0	0	0	0	0	0	0	0	0	0	0	0	0	0	0	0	0	0	0	0	0	0	0	0	0	0	0	0	0	0	0	0	0	0	0	0	0	0	0	0	0	0	0	0	0	0	0
'Candidatus Nitrosotalea devanaterra'	0	0	50	50	0	0	50	50	50	50	50	50	0	0	0	0	0	0	0	0	0	0	0	0	0	0	0	0	0	50	50	0	0	0	0	50	50	0	0	0	0	0	0	0	0	50	0	50	0	0	0	0	0	0	0	0	0	0	0	0	0	0	0	0	0	0	0	0	0	0	0	0	0	0	0	0	0	0	0	0	0	0	0	0	0	0	0
'Candidatus Thorarchaeota archaeon SMTZ1-83'	0	0	0	0	0	0	50	50	50	50	50	50	0	0	0	50	0	50	0	0	50	50	50	50	0	0	0	50	50	50	50	0	0	50	50	50	50	0	0	0	0	0	0	0	0	0	0	0	0	0	0	0	0	0	0	0	0	0	0	0	0	0	0	0	0	0	50	0	0	0	0	50	0	0	0	0	0	0	0	0	0	0	0	0	50	0	0
'Candidatus Thorarchaeota archaeon SMTZ1-45'	0	0	0	0	0	0	50	50	50	50	50	50	0	0	0	50	0	50	0	0	50	50	50	50	0	0	0	50	50	50	50	0	0	50	50	50	50	0	0	0	0	0	0	0	0	0	0	0	0	0	0	0	0	0	0	0	0	0	0	0	0	0	0	0	0	0	50	0	0	0	0	50	0	0	0	0	0	0	0	0	0	0	0	0	50	0	0
'Candidatus Thorarchaeota archaeon SMTZ-45'	0	0	0	0	0	0	0	0	50	50	0	0	0	0	0	50	0	0	0	0	0	0	0	0	0	0	0	0	0	0	0	0	0	0	0	0	0	0	0	0	0	0	0	0	0	0	0	0	0	0	0	0	0	0	0	0	0	0	0	0	0	0	0	0	0	0	50	0	0	0	0	0	0	0	0	0	0	0	0	0	0	0	0	0	0	0	0
'Thermococcus peptonophilus'	0	50	50	50	0	0	50	50	50	50	50	50	50	50	50	50	50	50	50	50	50	50	50	50	50	50	50	50	50	50	50	50	0	50	50	50	50	50	50	50	0	0	0	0	0	0	0	0	0	0	0	0	0	0	0	0	0	0	0	0	0	0	0	0	0	0	0	0	0	0	0	0	0	0	0	0	0	0	0	0	0	0	0	0	0	50	0
'Thermococcus chitonophagus'	50	50	0	0	0	0	50	50	50	50	50	50	50	50	50	50	50	50	50	50	50	50	50	50	50	50	0	50	50	50	50	50	50	50	50	50	50	0	0	0	50	50	0	0	0	50	0	0	0	0	0	0	0	50	50	0	0	0	0	0	0	0	0	0	0	0	0	0	0	0	0	0	0	0	0	0	0	0	0	0	0	0	0	0	0	0	0
'Thermococcus piezophilus'	0	50	50	50	0	0	50	50	50	50	0	0	50	50	50	50	50	50	0	0	50	50	50	50	50	50	50	50	50	50	50	50	0	0	0	0	0	50	50	50	0	0	0	0	0	0	0	0	0	0	0	0	0	0	0	0	0	0	0	0	0	0	0	0	0	0	0	0	0	0	0	0	0	0	0	0	0	0	0	0	0	0	0	0	0	50	0
'Sulfolobus'	50	50	50	50	0	0	50	50	50	50	0	0	0	0	0	0	0	0	0	0	0	0	0	0	0	0	0	0	0	0	0	0	0	0	0	0	0	0	0	0	0	0	0	0	0	0	0	0	0	0	0	0	0	0	0	0	0	0	0	50	0	0	0	0	0	0	0	0	0	0	0	0	50	0	50	0	0	0	0	0	0	0	50	50	0	0	0
'Methanobacterium congolense'	50	50	50	50	0	0	50	50	50	50	50	50	50	50	0	50	0	50	0	50	0	50	50	50	0	50	50	0	0	0	0	0	0	0	50	50	50	0	0	0	50	50	50	0	0	0	0	0	0	0	0	0	0	0	0	0	0	0	0	0	0	0	0	0	0	0	0	0	0	0	0	0	0	0	0	0	0	0	0	0	0	0	0	0	0	0	0
'Nanohaloarchaea archaeon SG9'	0	0	50	50	0	0	50	50	50	50	0	0	50	50	0	50	0	50	0	0	0	0	0	0	0	50	50	0	0	0	0	50	0	50	50	50	50	0	0	0	0	0	0	0	0	0	0	0	0	0	0	0	0	0	0	0	0	0	0	0	0	0	0	0	0	0	0	0	0	0	0	0	0	0	0	0	0	0	0	0	0	0	0	0	0	0	0
'Halodesulfurarchaeum formicicum'	0	0	0	0	0	0	50	50	50	50	0	0	50	50	0	50	0	50	0	0	0	50	50	50	0	50	0	0	50	50	50	0	0	0	50	50	50	0	0	0	0	0	0	50	50	50	0	0	50	50	50	50	50	0	0	0	50	50	50	0	0	0	0	0	0	0	0	0	0	0	0	0	0	0	0	0	0	0	0	0	0	0	0	0	0	0	0
'Methanohalophilus halophilus'	0	0	50	50	50	50	50	50	50	50	50	50	0	0	0	50	0	50	0	50	0	50	50	50	0	0	50	0	50	50	50	0	0	0	50	50	50	0	0	0	50	50	50	0	0	0	0	0	0	0	0	0	0	0	0	0	0	0	0	0	50	50	50	50	50	50	50	50	50	50	50	50	0	0	0	0	0	0	0	0	0	0	0	0	0	0	0
'Cuniculiplasma divulgatum'	0	0	50	50	0	0	50	50	50	50	0	0	0	0	0	50	0	50	0	0	0	0	0	0	0	0	50	0	50	50	50	0	0	0	50	50	50	0	0	0	0	0	0	0	0	0	0	0	0	0	0	0	0	0	0	0	0	0	0	0	0	0	0	0	0	0	0	0	0	0	0	0	0	0	0	0	0	0	0	0	0	0	0	0	0	0	0
'Haloterrigena daqingensis'	50	50	0	0	0	0	50	50	50	50	50	50	0	0	0	50	0	50	0	50	0	50	50	50	0	0	0	0	50	50	50	0	50	0	50	50	50	0	0	0	0	0	0	50	50	50	0	0	50	50	50	50	50	0	0	50	0	50	50	0	0	0	0	0	0	0	0	0	0	0	0	0	0	0	0	0	0	0	50	50	50	0	0	0	0	0	0
'Halobiforma lacisalsi AJ5'	50	50	0	0	0	0	50	50	50	50	50	50	0	0	0	50	0	50	0	50	0	50	50	50	0	0	0	0	50	50	50	0	50	0	50	50	50	0	0	0	0	0	0	0	0	0	0	0	50	50	50	50	50	0	0	50	50	50	50	0	0	0	0	0	0	0	0	0	0	0	0	0	0	0	0	0	0	0	50	50	50	0	0	0	0	0	0
'Halorientalis'	50	50	0	0	0	0	50	50	50	50	50	50	0	0	0	50	0	50	0	50	0	50	50	50	0	0	0	0	50	50	50	0	50	0	50	50	50	0	0	0	0	0	0	0	0	0	0	0	50	50	50	50	50	0	0	50	50	50	50	0	0	0	0	0	0	0	0	0	0	0	0	0	0	0	0	0	0	0	0	0	50	0	0	0	0	0	0
'Lokiarchaeota archaeon'	0	0	0	0	0	0	0	0	50	50	50	50	0	0	0	50	0	0	0	0	50	50	50	50	0	0	0	0	0	0	0	0	0	0	50	50	50	0	0	0	0	0	0	0	0	0	0	0	0	0	0	0	0	0	0	0	0	0	0	0	0	0	0	0	0	0	50	0	0	0	0	0	0	0	0	0	0	0	0	0	0	0	0	0	0	0	0
'Candidatus Heimdallarchaeota archaeon LC_3'	0	0	0	0	0	0	50	50	50	50	50	50	0	0	0	50	0	50	0	0	0	50	50	50	0	0	0	50	50	50	50	0	0	50	50	50	50	0	0	0	0	0	0	0	0	0	0	0	0	0	0	0	0	0	0	0	0	0	0	0	0	0	0	0	0	0	50	0	0	0	0	0	0	0	0	0	0	0	0	0	0	0	0	0	50	0	50
'Heimdallarchaeota archaeon'	0	0	0	0	0	0	50	50	50	50	50	50	0	0	0	50	0	50	0	0	50	50	50	50	0	0	0	50	50	50	50	0	0	50	50	50	50	0	0	0	0	0	0	0	0	0	0	0	0	0	0	0	0	0	0	0	0	0	0	0	0	0	0	0	0	0	50	0	0	0	0	50	0	0	0	0	0	0	0	0	0	0	0	0	50	0	50
'Odinarchaeota archaeon'	0	0	0	0	0	0	50	50	50	50	0	0	0	0	0	50	0	50	0	0	0	0	0	50	0	0	0	50	50	50	50	0	0	50	50	50	50	0	0	0	0	0	0	0	0	0	0	0	0	0	0	0	0	0	0	0	0	0	0	0	0	0	0	0	0	0	50	0	0	0	0	50	0	0	0	0	0	0	0	0	0	0	0	0	0	0	0
'Thorarchaeota archaeon'	0	0	0	0	0	0	50	50	50	50	50	50	0	0	0	50	0	50	0	0	50	50	50	50	0	0	0	50	50	50	50	0	0	50	50	50	50	0	0	0	0	0	0	0	0	0	0	0	0	0	0	0	0	0	0	0	0	0	0	0	0	0	0	0	0	0	50	0	0	0	0	50	0	0	0	0	0	0	0	0	0	0	0	0	50	0	50
'Candidatus Heimdallarchaeota archaeon AB_125'	0	0	0	0	0	0	50	50	0	0	0	0	0	0	0	0	0	50	0	0	0	0	0	0	0	0	0	50	50	50	50	0	0	50	50	50	50	0	0	0	0	0	0	0	0	0	0	0	0	0	0	0	0	0	0	0	0	0	0	0	0	0	0	0	0	0	0	0	0	0	0	0	0	0	0	0	0	0	0	0	0	0	0	0	0	0	0
'Natronomonas pharaonis'	50	50	0	0	0	0	50	50	50	50	50	50	0	0	0	50	0	50	0	50	0	50	50	50	0	0	0	0	50	50	50	0	50	0	50	50	50	0	0	0	0	0	0	0	0	0	0	0	50	50	50	50	50	0	0	50	50	50	0	0	0	0	0	0	0	0	0	0	0	0	0	0	0	0	0	0	0	0	50	50	50	0	0	0	0	0	0
'Ferroplasma acidiphilum'	50	50	50	50	0	0	50	50	50	50	0	0	0	0	0	50	0	50	0	0	0	0	0	0	0	0	50	0	50	50	50	0	50	0	0	0	0	0	0	0	0	0	0	0	0	0	0	0	0	0	0	0	0	0	0	0	0	0	0	0	0	0	0	0	0	0	0	0	0	0	0	0	0	0	0	0	0	0	0	0	0	0	0	0	0	0	0
'Acidianus manzaensis'	50	50	50	50	0	0	50	50	50	50	50	50	0	50	0	0	0	0	0	0	0	0	0	0	0	0	0	0	0	0	0	0	0	0	0	0	0	0	50	50	0	0	0	0	0	0	50	0	0	0	0	0	0	0	0	0	0	0	0	50	0	0	0	0	0	0	0	0	0	0	0	0	50	50	50	0	50	0	0	0	0	50	50	50	0	0	0
'Candidatus Mancarchaeum acidiphilum'	0	0	50	50	0	0	50	50	50	50	0	0	0	0	0	50	0	50	0	0	0	0	0	0	0	0	50	50	50	50	50	0	0	0	50	50	50	0	0	0	0	0	0	0	0	0	0	0	0	0	0	0	0	0	0	0	0	0	0	0	0	0	0	0	0	0	0	0	0	0	0	0	0	0	50	0	0	0	0	0	0	0	0	0	0	0	0
'Thermococcus celer Vu 13 = JCM 8558'	50	50	50	50	0	0	50	50	50	50	0	0	50	50	50	50	50	50	0	0	50	50	50	50	50	50	50	50	50	50	50	50	50	50	50	50	50	50	50	50	0	0	0	50	50	50	0	0	0	0	0	0	0	50	50	0	0	0	0	0	0	0	0	0	0	0	0	0	0	0	0	0	0	0	0	0	0	0	0	0	0	0	0	0	0	0	0
'Thermococcus pacificus'	50	50	50	50	0	0	50	50	50	50	50	50	0	0	50	50	50	50	50	50	50	50	50	50	0	0	50	50	50	50	50	50	50	50	50	50	50	50	50	50	0	0	0	0	0	0	0	0	0	0	0	0	0	0	0	0	0	0	0	0	0	0	0	0	0	0	0	0	0	0	0	0	0	0	0	0	0	0	0	0	0	0	0	0	0	0	0
'Candidatus Heimdallarchaeota archaeon'	0	0	0	0	0	0	50	50	50	50	0	0	0	0	0	50	0	50	0	0	50	50	50	50	0	0	0	50	50	50	50	0	0	50	50	50	50	0	0	0	0	0	0	0	0	0	0	0	0	0	0	0	0	0	0	0	0	0	0	0	0	0	0	0	0	0	50	0	0	0	0	50	0	0	0	0	0	0	0	0	0	0	0	0	0	0	0
'Halohasta litchfieldiae'	50	50	0	0	0	0	50	50	50	50	50	50	0	0	0	50	0	50	0	50	0	50	50	50	0	0	0	0	50	50	50	0	0	0	50	50	50	0	0	0	0	0	0	0	0	0	0	0	50	50	50	50	50	0	0	50	50	50	50	0	0	0	0	0	0	0	0	0	0	0	0	0	0	0	0	0	0	0	0	0	0	0	0	0	0	0	0
'Methanobacterium subterraneum'	50	50	50	50	0	0	50	50	0	0	50	50	50	50	0	0	0	50	0	50	0	0	0	50	0	50	50	0	0	0	0	0	0	0	50	50	50	0	0	0	0	0	50	0	0	0	0	0	0	0	0	0	0	0	0	0	0	0	0	0	0	0	0	0	0	0	0	0	0	0	0	0	0	0	0	0	0	0	0	0	0	0	0	0	0	0	0
'Haloarcula taiwanensis'	0	0	0	0	0	0	50	50	50	50	50	50	0	0	0	50	0	50	0	50	0	50	50	50	0	0	0	0	50	50	50	0	0	0	50	50	50	0	0	0	0	0	0	0	0	0	0	0	50	50	50	50	50	0	0	50	50	50	50	0	0	0	0	0	0	0	0	0	0	0	0	0	0	0	0	0	0	0	0	0	0	0	0	0	0	0	0
'Salinigranum rubrum'	0	0	0	0	0	0	0	0	50	50	0	0	0	0	0	50	0	0	0	0	0	50	50	50	0	0	0	0	50	50	50	0	0	0	50	50	50	0	0	0	0	0	0	0	0	0	0	0	50	50	50	50	50	0	0	0	0	50	0	0	0	0	0	0	0	0	0	0	0	0	0	0	0	0	0	0	0	0	0	0	0	0	0	0	0	0	0
'Candidatus Nitrosocaldus cavascurensis'	0	0	0	0	0	0	50	50	50	50	0	0	50	50	0	0	0	0	0	0	0	0	0	0	50	50	0	0	0	0	0	0	0	0	0	50	50	0	0	0	0	0	0	0	0	0	0	0	0	0	0	0	0	0	0	0	0	0	0	0	0	0	0	0	0	0	0	0	0	0	0	0	0	0	50	0	0	0	0	0	0	0	0	0	0	0	0
'Acidianus brierleyi'	50	50	50	50	0	0	50	50	50	50	50	50	0	50	0	0	0	0	0	0	0	0	0	0	0	0	0	0	0	50	50	0	0	0	0	0	0	0	50	50	0	0	0	0	0	50	50	50	0	0	0	0	0	0	50	0	0	0	0	50	0	0	0	0	0	0	0	0	0	0	0	0	50	50	50	50	0	50	0	0	0	50	50	50	0	0	0
'Acidianus sulfidivorans JP7'	50	50	50	50	0	0	50	50	50	50	50	50	0	50	0	0	0	0	0	0	0	0	0	0	0	0	0	0	0	50	50	0	0	0	0	0	0	0	50	50	0	0	0	0	0	50	50	0	0	0	0	0	0	0	50	0	0	0	0	50	0	0	0	0	0	0	0	0	0	0	0	0	50	50	50	50	0	0	0	0	0	50	50	50	0	0	0
'Metallosphaera hakonensis JCM 8857 = DSM 7519'	50	50	50	50	0	0	50	50	50	50	50	50	0	0	0	0	0	0	0	0	0	0	0	0	0	0	0	0	0	50	50	0	0	0	0	0	0	0	50	50	0	0	0	0	0	50	0	0	0	0	0	0	0	50	50	0	0	0	0	50	0	0	0	0	0	0	0	0	0	0	0	0	50	50	50	50	50	50	0	0	0	0	50	50	0	0	0
'Candidatus Nitrosomarinus catalina'	50	50	50	50	0	0	0	0	50	50	50	50	0	0	0	0	0	0	0	0	0	0	0	0	0	0	0	0	0	0	0	0	50	0	0	50	50	0	0	0	0	0	0	0	0	50	0	50	0	0	0	0	0	0	0	0	0	0	0	0	0	0	0	0	0	0	0	0	0	0	0	0	0	0	0	0	0	0	0	0	0	0	0	0	0	0	0
'Natrarchaeobaculum aegyptiacum'	50	50	0	0	0	0	50	50	50	50	50	50	0	0	0	50	0	50	0	50	0	50	50	50	0	0	0	0	50	50	50	0	50	0	50	50	50	0	0	0	0	0	0	0	0	0	0	0	50	50	50	50	50	0	0	50	50	50	50	0	0	0	0	0	0	0	0	0	0	0	0	0	0	0	0	0	0	0	50	50	50	0	0	0	0	0	0
'Thermococcus gorgonarius'	0	50	50	50	0	0	50	50	50	50	50	50	0	0	50	50	50	50	50	50	50	50	50	50	0	0	50	50	50	50	50	50	0	50	50	50	50	0	0	0	0	0	0	50	50	50	0	0	0	0	0	0	0	0	0	0	0	0	0	0	0	0	0	0	0	0	0	0	0	0	0	0	0	0	0	0	0	0	0	0	0	0	0	0	0	50	0
'Thermococcus profundus'	0	50	50	50	0	0	50	50	50	50	50	50	50	50	50	50	50	50	50	50	50	50	50	50	50	50	50	50	50	50	50	0	0	50	50	50	50	50	50	50	0	0	0	0	0	0	50	0	0	0	0	0	0	0	0	0	0	0	0	0	0	0	0	0	0	0	0	0	0	0	0	0	0	0	0	0	0	0	0	0	0	0	0	0	0	50	0
'Thermococcus barossii'	50	50	50	50	0	0	50	50	50	50	50	50	0	50	50	50	50	50	50	50	50	50	50	50	0	0	50	50	50	50	50	50	50	50	50	50	50	50	50	50	0	0	0	0	0	0	50	0	0	0	0	0	0	0	0	0	0	0	0	0	0	0	0	0	0	0	0	0	0	0	0	0	0	0	0	0	0	0	0	0	0	0	0	0	0	0	0
'Thermococcus siculi'	50	50	50	50	0	0	50	50	50	50	50	50	50	50	50	50	50	50	50	50	50	50	50	50	50	50	50	50	50	50	50	0	50	50	50	50	50	50	50	50	0	0	0	50	50	50	50	0	0	0	0	0	0	0	0	0	0	0	0	0	0	0	0	0	0	0	0	0	0	0	0	0	0	0	0	0	0	0	0	0	0	0	0	0	0	0	0
'Thermococcus radiotolerans'	50	50	50	50	0	0	50	50	50	50	50	50	0	0	50	50	50	50	50	50	50	50	50	50	0	0	50	50	50	50	50	50	50	50	50	50	50	50	50	50	50	50	0	0	0	0	0	0	0	0	0	0	0	0	0	0	0	0	0	0	0	0	0	0	0	0	0	0	0	0	0	0	0	0	0	0	0	0	0	0	0	0	0	0	0	0	0
'Methanosphaera'	50	50	0	0	0	0	50	50	50	50	50	50	0	0	0	50	0	0	0	50	0	50	50	50	0	0	0	0	0	50	50	0	50	0	50	50	50	0	0	0	0	0	0	0	0	50	0	50	0	0	0	0	0	0	0	0	0	0	0	0	0	0	0	0	0	0	0	0	0	0	0	0	0	0	0	0	0	0	0	0	0	0	0	0	0	0	0
'Halalkaliarchaeum desulfuricum'	50	50	0	0	0	0	50	50	50	50	50	50	0	0	0	50	0	50	0	50	0	50	50	50	0	0	0	0	50	50	50	0	0	0	50	50	50	0	0	0	0	0	0	50	50	50	0	0	50	50	50	50	50	50	50	50	50	50	50	0	0	0	0	0	0	0	0	0	0	0	0	0	0	0	0	0	0	0	50	50	0	0	0	0	0	0	0
'Haloplanus rubicundus'	0	0	0	0	0	0	50	50	50	50	50	50	0	0	0	50	0	50	0	50	0	50	50	50	0	0	0	0	50	50	50	0	0	0	50	50	50	0	0	0	0	0	0	0	0	0	0	0	50	50	50	50	50	0	0	50	50	50	50	0	0	0	0	0	0	0	0	0	0	0	0	0	0	0	0	0	0	0	50	50	0	0	0	0	0	0	0
'Natrarchaeobaculum sulfurireducens'	50	50	0	0	0	0	50	50	50	50	50	50	0	0	0	50	0	50	0	50	0	50	50	50	0	0	0	0	50	50	50	0	50	0	50	50	50	0	0	0	0	0	0	50	50	50	0	0	50	50	50	50	50	0	0	50	50	50	50	0	0	0	0	0	0	0	0	0	0	0	0	0	0	0	0	0	0	0	50	50	50	0	0	0	0	0	0
'Sulfodiicoccus acidiphilus'	50	50	50	50	0	0	50	50	50	50	50	50	0	50	0	0	0	0	0	0	0	0	0	0	0	0	0	0	0	0	0	0	0	0	0	0	0	0	0	0	0	0	0	0	0	0	50	0	0	0	0	0	0	0	0	0	0	0	0	50	0	0	0	0	0	0	0	0	0	0	0	0	0	50	50	0	50	0	0	0	0	50	50	50	0	0	0
'Candidatus Lokiarchaeota archaeon'	0	0	0	0	0	0	0	0	50	50	50	50	0	0	0	50	0	0	0	0	50	50	50	50	0	0	0	50	50	50	50	0	0	50	50	50	50	0	0	0	0	0	0	0	0	0	0	0	0	0	0	0	0	0	0	0	0	0	0	0	0	0	0	0	0	0	50	0	0	0	0	0	0	0	0	0	0	0	0	0	0	0	0	0	0	0	0
'Candidatus Lokiarchaeota archaeon Loki_b32'	0	0	0	0	0	0	0	0	0	0	50	50	0	0	0	0	0	0	0	0	50	50	50	50	0	0	0	50	50	50	50	0	0	50	50	50	50	0	0	0	0	0	0	0	0	0	0	0	0	0	0	0	0	0	0	0	0	0	0	0	0	0	0	0	0	0	0	0	0	0	0	0	0	0	0	0	0	0	0	0	0	0	0	0	0	0	0
'Candidatus Lokiarchaeota archaeon Loki_b31'	0	0	0	0	0	0	0	0	50	50	0	0	0	0	0	0	0	0	0	0	50	50	50	50	0	0	0	50	50	50	50	0	0	50	50	50	50	0	0	0	0	0	0	0	0	0	0	0	0	0	0	0	0	0	0	0	0	0	0	0	0	0	0	0	0	0	0	0	0	0	0	0	0	0	0	0	0	0	0	0	0	0	0	0	0	0	0
'Candidatus Prometheoarchaeum syntrophicum'	0	0	0	0	0	0	0	0	50	50	0	50	0	0	0	50	0	0	0	0	0	50	50	50	0	0	0	50	50	50	50	0	0	50	50	50	50	0	0	0	0	0	0	0	0	0	0	0	0	0	0	0	0	0	0	0	0	0	0	0	0	0	0	0	0	0	50	0	0	0	0	0	0	0	0	0	0	0	0	0	0	0	0	0	0	0	0
'Methanothrix thermoacetophila'	0	0	0	0	0	0	50	50	50	50	0	0	0	0	0	50	0	50	0	0	0	50	50	50	0	0	0	0	50	50	50	0	0	0	50	50	50	0	0	0	0	0	0	0	0	0	0	0	0	0	0	0	0	0	0	0	0	0	0	0	0	50	50	50	0	0	50	0	0	0	0	50	0	0	0	0	0	0	0	0	0	0	0	0	0	0	0
'Cenarchaeum symbiosum'	0	0	50	50	0	0	50	50	50	50	50	50	0	0	0	0	0	0	0	0	0	0	0	0	0	0	0	0	0	50	50	0	0	0	0	50	50	0	0	0	0	0	0	0	0	50	0	50	0	0	0	0	0	0	0	0	0	0	0	0	0	0	0	0	0	0	0	0	0	0	0	0	0	0	0	0	0	0	0	0	0	0	0	0	0	0	0
'Pyrobaculum islandicum'	50	50	0	0	0	0	50	50	50	50	50	50	0	0	0	0	0	0	0	0	0	0	0	0	0	0	0	0	0	50	50	0	0	0	0	0	0	0	50	50	0	0	0	0	0	0	0	0	0	0	0	0	0	0	0	0	0	0	0	50	0	0	0	0	0	0	0	0	0	0	0	0	50	50	0	50	0	50	0	0	0	0	50	0	0	50	0
'Thermofilum pendens'	50	50	0	0	0	0	50	50	50	50	50	50	0	50	0	0	0	0	0	0	0	0	0	0	0	0	0	0	0	50	50	0	0	0	0	0	0	0	50	50	0	0	0	0	0	50	50	0	0	0	0	0	0	0	50	0	0	0	0	50	0	0	0	0	0	0	0	0	0	0	0	0	50	50	50	50	50	50	0	0	0	0	50	50	0	50	0
'Hyperthermus butylicus'	50	50	0	0	0	0	50	50	0	0	50	50	0	0	0	0	0	0	0	0	0	0	0	0	0	0	0	0	0	50	50	0	0	0	0	0	0	0	50	50	0	0	0	0	0	0	0	0	0	0	0	0	0	0	0	0	0	0	0	0	0	0	0	0	0	0	0	0	0	0	0	0	50	0	50	50	50	50	0	0	0	0	50	50	0	0	0
'Methanocorpusculum labreanum'	0	0	50	50	0	0	50	50	50	50	50	50	50	50	0	50	0	50	0	50	0	50	50	50	0	50	50	0	50	50	50	0	0	0	50	50	50	0	0	0	0	0	0	50	50	50	0	0	0	0	0	0	0	0	50	0	0	0	0	0	50	50	50	50	50	0	50	50	50	50	50	50	0	0	0	0	0	0	0	0	0	0	0	0	0	0	0
'Methanoculleus marisnigri'	0	50	50	50	0	0	50	50	50	50	0	0	0	0	0	50	0	50	0	0	0	50	50	50	0	0	50	0	50	50	50	0	0	0	50	50	50	0	0	0	50	50	0	0	0	0	0	0	0	0	0	0	0	0	0	0	0	0	0	0	50	50	50	50	0	0	50	50	50	50	50	50	0	0	0	0	0	0	0	0	0	0	0	0	0	0	0
'Staphylothermus marinus'	0	50	0	0	0	0	50	50	50	50	50	50	0	0	0	0	0	0	0	0	0	0	0	0	0	0	0	0	0	0	0	0	0	0	0	0	0	0	50	50	0	0	0	0	0	0	0	0	0	0	0	0	0	0	0	0	0	0	0	50	0	0	0	0	0	0	0	0	0	0	0	0	50	50	50	0	50	50	0	0	0	0	0	0	0	0	0
'Pyrobaculum calidifontis'	50	50	0	0	0	0	50	50	50	50	50	50	0	50	0	0	0	0	0	0	0	0	0	0	0	0	0	0	0	50	50	0	0	0	0	0	0	0	50	50	0	0	0	0	0	50	50	0	0	0	0	0	0	0	50	0	0	0	0	50	0	0	0	0	0	0	0	0	0	0	0	0	50	50	0	50	0	50	0	0	0	0	50	0	0	50	0
'Methanococcus maripaludis'	0	0	50	50	50	50	50	50	50	50	50	50	50	50	0	50	0	50	0	50	0	50	50	50	0	50	50	0	0	0	0	0	0	0	50	50	50	0	0	0	50	50	0	0	0	0	0	0	0	0	0	0	0	0	0	0	0	0	0	0	0	0	0	0	0	50	0	0	0	0	0	0	0	0	0	0	0	0	0	0	0	0	0	0	0	0	0
'Pyrobaculum arsenaticum'	50	50	0	0	0	0	50	50	50	50	50	50	0	50	0	0	0	0	0	0	0	0	0	0	0	0	0	0	0	50	50	0	0	0	0	0	0	0	50	50	0	0	0	0	0	0	50	0	0	0	0	0	0	0	0	0	0	0	0	50	0	0	0	0	0	0	0	0	0	0	0	0	50	50	0	50	0	50	0	0	0	0	50	0	0	50	0
'Metallosphaera sedula'	50	50	50	50	0	0	50	50	50	50	50	50	0	50	0	0	0	0	0	0	0	0	0	0	0	0	0	0	0	50	50	0	0	0	0	0	0	0	50	50	0	0	0	0	0	0	50	0	0	0	0	0	0	0	0	0	0	0	0	50	0	0	0	0	0	0	0	0	0	0	0	0	50	50	50	50	0	50	0	0	0	50	50	50	0	0	0
'Methanobrevibacter smithii'	50	50	50	50	0	0	50	50	50	50	50	50	50	50	0	50	0	50	0	50	0	50	50	50	0	50	50	0	0	0	0	0	50	0	50	50	50	0	0	0	0	0	0	0	0	0	0	0	0	0	0	0	0	0	0	0	0	0	0	0	0	0	0	0	0	0	0	0	0	0	0	0	0	0	0	0	0	0	0	0	0	0	0	0	0	0	0
'Methanococcus vannielii'	0	0	50	50	50	50	50	50	50	50	0	0	50	50	0	50	0	50	0	0	0	50	50	50	0	50	50	0	0	0	0	0	0	0	50	50	50	0	0	0	0	0	0	0	0	50	0	0	0	0	0	0	0	50	50	0	0	0	0	0	0	0	0	0	0	50	0	0	0	0	0	0	0	0	0	0	0	0	0	0	0	0	0	0	0	0	0
'Methanococcus aeolicus'	0	0	50	50	0	0	0	0	50	50	0	0	50	50	0	50	0	0	0	0	0	50	50	50	0	50	50	0	0	0	0	0	0	0	50	50	50	0	0	0	0	0	0	0	0	0	0	0	0	0	0	0	0	0	0	0	0	0	0	0	0	0	0	0	0	0	0	0	0	0	0	0	0	0	0	0	0	0	0	0	0	0	0	0	0	0	0
'Methanoregula boonei'	50	50	50	50	0	0	50	50	50	50	50	50	0	0	0	50	0	50	0	50	0	50	50	50	0	0	50	0	50	50	50	0	0	0	50	50	50	0	0	0	0	0	0	0	0	0	0	0	0	0	0	0	0	0	0	0	0	0	0	0	50	50	50	50	50	0	50	50	50	50	50	50	0	0	0	0	0	0	0	0	0	0	0	0	0	0	0
'Ignicoccus hospitalis'	50	50	0	0	0	0	50	50	50	50	50	50	0	50	0	0	0	0	0	0	0	0	0	0	0	0	0	0	0	50	50	0	0	0	0	0	0	0	50	50	0	0	0	0	0	0	50	0	0	0	0	0	0	0	0	0	0	0	0	50	0	0	0	0	0	0	0	0	0	0	0	0	50	0	50	50	50	50	0	0	0	50	0	50	0	0	0
'Caldivirga maquilingensis'	0	50	50	50	0	0	50	50	50	50	50	50	0	50	0	0	0	0	0	0	0	0	0	0	0	0	0	0	0	50	50	0	0	0	0	0	0	0	50	50	0	0	0	0	0	0	50	0	0	0	0	0	0	0	0	0	0	0	0	50	0	0	0	0	0	0	0	0	0	0	0	0	50	50	0	50	0	50	0	0	0	0	0	0	0	50	0
'Nitrosopumilus maritimus'	0	0	50	50	0	0	50	50	50	50	50	50	0	0	0	0	0	0	0	0	0	0	0	0	0	0	0	0	0	0	0	0	0	0	0	50	50	0	0	0	0	0	0	0	0	50	0	50	0	0	0	0	0	0	0	0	0	0	0	0	0	0	0	0	0	0	0	0	0	0	0	0	0	0	0	0	0	0	0	0	0	0	0	0	0	0	0
'Halobacterium salinarum'	50	50	0	0	0	0	50	50	50	50	0	0	0	0	0	50	0	50	0	0	0	50	50	50	0	0	0	0	50	50	50	0	0	0	50	50	50	0	0	0	0	0	0	0	0	50	0	0	50	50	50	50	50	50	50	0	50	50	0	0	0	0	0	0	0	0	0	0	0	0	0	0	0	0	0	0	0	0	0	0	0	0	0	0	0	0	0
'Korarchaeum cryptofilum'	50	50	0	0	0	0	50	50	50	50	50	50	0	50	0	0	0	0	0	0	0	0	0	0	0	0	0	0	0	50	50	0	0	0	0	0	0	0	0	0	0	0	0	0	0	50	50	0	0	0	0	0	0	0	50	0	0	0	0	0	0	0	0	0	0	0	0	0	0	50	50	0	0	0	0	0	0	0	0	0	0	0	0	0	0	0	0
'Pyrobaculum neutrophilum'	50	50	0	0	0	0	50	50	50	50	50	50	0	50	0	0	0	0	0	0	0	0	0	0	0	0	0	0	0	50	50	0	0	0	0	0	0	0	0	0	0	0	0	0	0	0	50	0	0	0	0	0	0	0	0	0	0	0	0	50	0	0	0	0	0	0	0	0	0	0	0	0	50	50	0	50	0	0	0	0	0	0	50	0	0	50	0
'Aciduliprofundum boonei'	0	0	50	50	0	0	50	50	50	50	0	0	0	0	0	50	0	50	0	0	0	0	0	0	0	0	50	0	50	50	50	0	0	0	50	50	50	50	50	50	0	0	0	0	0	0	0	0	0	0	0	0	0	0	0	0	0	0	0	0	0	0	0	0	0	0	0	0	0	0	0	0	0	0	0	0	0	0	0	0	0	0	0	0	0	0	0
'Thermococcus onnurineus'	0	50	50	50	0	0	50	50	50	50	50	50	0	0	50	50	50	50	50	50	50	50	50	50	0	0	50	50	50	50	50	0	0	50	50	50	50	50	50	50	0	0	0	0	0	0	0	0	0	0	0	0	0	0	0	0	0	0	0	0	0	0	0	0	0	0	0	0	0	0	0	0	0	0	0	0	0	0	0	0	0	0	0	0	0	50	0
'Desulfurococcus amylolyticus'	0	0	0	0	0	0	50	50	50	50	50	50	0	50	0	0	0	0	0	0	0	0	0	0	0	0	0	0	0	0	0	0	0	0	0	0	0	0	50	50	0	0	0	0	0	0	50	0	0	0	0	0	0	0	0	0	0	0	0	50	0	0	0	0	0	0	0	0	0	0	0	0	50	50	50	0	0	50	0	0	0	50	0	0	0	0	0
'Methanosphaerula palustris'	50	50	50	50	50	50	50	50	50	50	50	50	0	0	0	50	0	50	0	50	0	50	50	50	0	0	50	0	50	50	50	0	50	0	50	50	50	0	0	0	0	0	0	0	0	0	0	0	0	0	0	0	0	0	0	0	0	0	0	0	50	50	50	50	50	50	50	50	50	50	50	50	0	0	0	0	0	0	0	0	0	0	0	0	0	0	0
'Halorubrum lacusprofundi'	50	50	0	0	0	0	50	50	50	50	50	50	0	0	0	50	0	50	0	50	0	50	50	50	0	0	0	0	50	50	50	0	50	0	50	50	50	0	0	0	0	0	0	0	0	50	0	0	50	50	50	50	50	50	50	50	50	50	50	0	0	0	0	0	0	0	0	0	0	0	0	0	0	0	0	0	0	0	50	50	50	0	0	0	0	0	0
'Sulfolobus islandicus'	50	50	50	50	0	0	50	50	50	50	50	50	0	50	0	0	0	0	0	0	0	0	0	0	0	0	0	0	0	50	50	0	0	0	0	0	0	0	50	50	0	0	0	0	0	50	50	0	0	0	0	0	0	0	50	0	0	0	0	50	0	0	0	0	0	0	0	0	0	0	0	0	50	50	50	50	0	50	0	0	0	50	50	50	0	0	0
'Thermococcus gammatolerans'	50	50	50	50	0	0	50	50	50	50	0	0	0	50	50	50	50	50	0	0	50	50	50	50	0	0	50	50	50	50	50	50	50	50	50	50	50	50	50	50	0	0	0	0	0	50	50	0	0	0	0	0	0	50	50	0	0	0	0	0	0	0	0	0	0	0	0	0	0	0	0	0	0	0	0	0	0	0	0	0	0	0	0	0	0	0	0
'Thermococcus sibiricus'	50	50	50	50	0	0	50	50	50	50	50	50	50	50	50	50	50	50	50	50	50	50	50	50	50	50	50	50	50	50	50	50	50	50	50	50	50	50	50	50	50	50	0	0	0	0	0	0	0	0	0	0	0	0	0	0	0	0	0	0	0	0	0	0	0	0	0	0	0	0	0	0	0	0	0	0	0	0	0	0	0	0	0	0	0	0	0
'Halorhabdus utahensis'	50	50	0	0	0	0	50	50	50	50	50	50	0	0	0	50	0	50	0	50	0	50	50	50	0	0	0	0	50	50	50	0	50	0	50	50	50	0	0	0	0	0	0	0	0	50	0	0	50	50	50	50	50	50	50	50	50	50	50	0	0	0	0	0	0	0	0	0	0	0	0	0	0	0	0	0	0	0	0	0	50	0	0	0	0	0	0
'Halomicrobium mukohataei'	0	0	0	0	0	0	50	50	50	50	50	50	50	50	0	50	0	50	0	50	0	50	50	50	0	50	0	0	50	50	50	0	0	0	50	50	50	0	0	0	0	0	0	0	0	0	0	0	50	50	50	50	50	0	0	50	50	50	50	0	0	0	0	0	0	0	0	0	0	0	0	0	0	0	0	0	0	0	0	0	0	0	0	0	0	0	0
'Methanocaldococcus fervens'	0	0	50	50	0	0	50	50	50	50	50	50	50	50	0	50	0	50	0	50	0	50	50	50	0	50	50	0	0	0	0	0	0	0	50	50	50	50	50	50	50	50	0	0	0	0	50	0	0	0	0	0	0	0	0	0	0	0	0	0	0	0	0	0	0	0	0	0	0	0	0	0	0	0	0	0	0	0	0	0	0	0	0	0	0	0	0
'Methanocaldococcus vulcanius'	0	0	50	50	0	0	50	50	50	50	0	0	0	0	0	50	0	50	0	0	0	50	50	50	0	0	50	0	0	0	0	0	0	0	50	50	50	50	50	50	0	0	50	50	50	50	0	0	0	0	0	0	0	50	50	0	0	0	0	0	0	0	0	0	0	0	0	0	0	0	0	0	0	0	0	0	0	0	0	0	0	0	0	0	0	0	0
'Methanocella paludicola'	50	50	50	50	0	0	50	50	50	50	50	50	0	0	0	50	0	50	0	50	0	50	50	50	0	0	50	0	50	50	50	0	50	0	50	50	50	0	0	0	0	0	50	0	0	0	0	0	0	0	50	0	0	0	0	0	0	0	0	0	50	50	50	50	50	0	50	0	0	50	50	50	0	0	0	0	0	0	0	0	0	0	0	0	0	0	0
'Archaeoglobus profundus'	0	50	0	0	0	0	50	50	0	0	50	50	0	0	0	0	0	50	0	50	0	0	0	0	0	0	0	0	0	0	0	0	0	0	50	50	50	50	50	50	0	0	0	0	0	0	0	0	0	0	0	0	0	0	0	0	0	0	0	0	0	0	0	0	0	0	0	0	0	0	0	0	0	0	0	0	0	0	0	0	0	0	0	0	0	0	0
'Haloterrigena turkmenica'	50	50	0	0	0	0	50	50	50	50	50	50	0	0	0	50	0	50	0	50	0	50	50	50	0	0	0	0	50	50	50	0	50	0	50	50	50	0	0	0	0	0	0	0	0	0	0	0	50	50	50	50	50	0	0	50	0	50	50	0	0	0	0	0	0	0	0	0	0	0	0	0	0	0	0	0	0	0	50	50	50	0	0	0	0	0	0
'Methanobrevibacter ruminantium'	0	50	0	0	0	0	50	50	50	50	50	50	50	50	0	50	0	50	0	50	0	50	50	50	0	50	0	0	0	0	0	0	0	0	50	50	50	0	0	0	0	0	50	0	0	50	0	50	0	0	0	0	0	0	0	0	0	0	0	0	0	0	0	0	0	0	0	0	0	0	0	0	0	0	0	0	0	0	0	0	0	0	0	0	0	0	0
'Ferroglobus placidus'	0	0	0	0	0	0	50	50	50	50	50	50	0	50	0	50	0	50	0	50	0	0	0	0	0	0	0	0	0	0	0	0	0	0	50	50	50	50	50	50	0	0	0	0	0	0	50	0	0	0	0	0	0	0	0	0	0	0	0	0	0	0	0	0	0	0	0	0	0	0	0	0	0	0	0	0	0	0	0	0	0	0	0	0	0	0	0
'Methanocaldococcus'	0	0	50	50	0	0	50	50	50	50	50	50	50	50	0	50	0	50	0	50	0	50	50	50	0	50	50	0	0	0	0	0	0	0	50	50	50	50	50	50	0	0	0	0	0	0	50	0	0	0	0	0	0	0	0	0	0	0	0	0	0	0	0	0	0	0	0	0	0	0	0	0	0	0	0	0	0	0	0	0	0	0	0	0	0	0	0
'Natrialba magadii'	50	50	0	0	0	0	50	50	50	50	50	50	0	0	0	50	0	50	0	50	0	50	50	50	0	0	0	0	50	50	50	0	50	0	50	50	50	0	0	0	0	0	0	0	0	50	0	0	50	50	50	50	50	50	50	50	50	50	50	0	0	0	0	0	0	0	0	0	0	0	0	0	0	0	0	0	0	0	50	50	50	0	0	0	0	0	0
'Haloferax volcanii'	50	50	0	0	0	0	50	50	50	50	50	50	0	0	0	50	0	50	0	50	0	50	50	50	0	0	0	0	50	50	50	0	50	0	50	50	50	0	0	0	50	50	0	0	0	0	0	0	50	50	50	50	50	0	0	50	50	50	50	0	0	0	0	0	0	0	0	0	0	0	0	0	0	0	0	0	0	0	50	50	50	0	0	0	0	0	0
'Methanohalophilus mahii'	0	0	50	50	50	50	50	50	50	50	50	50	0	0	0	50	0	50	0	50	0	50	50	50	0	0	50	0	50	50	50	0	0	0	50	50	50	0	0	0	0	0	50	0	0	0	0	0	0	0	0	0	0	0	0	0	0	0	0	0	50	50	50	50	50	50	50	50	50	50	50	50	0	0	0	0	0	0	0	0	0	0	0	0	0	0	0
'Thermosphaera aggregans'	0	0	0	0	0	0	50	50	50	50	50	50	0	50	0	0	0	0	0	0	0	0	0	0	0	0	0	0	0	0	0	0	0	0	0	0	0	0	50	50	0	0	0	0	0	50	50	0	0	0	0	0	0	0	50	0	0	0	0	50	0	0	0	0	0	0	0	0	0	0	0	0	50	0	50	0	50	50	0	0	0	50	0	0	0	0	0
'Methanocaldococcus infernus'	0	0	50	50	0	0	50	50	50	50	50	50	50	50	0	50	0	50	0	50	0	50	50	50	0	50	50	0	0	0	0	0	0	0	50	50	50	50	50	50	0	0	50	0	0	0	0	0	0	0	0	0	0	0	0	0	0	0	0	0	0	0	0	0	0	0	0	0	0	0	0	0	0	0	0	0	0	0	0	0	0	0	0	0	0	0	0
'Staphylothermus hellenicus'	0	50	0	0	0	0	50	50	50	50	50	50	0	0	0	0	0	0	0	0	0	0	0	0	0	0	0	0	0	0	0	0	0	0	0	0	0	0	50	50	0	0	0	0	0	0	0	0	0	0	0	0	0	0	0	0	0	0	0	50	0	0	0	0	0	0	0	0	0	0	0	0	50	50	50	0	50	50	0	0	0	0	0	0	0	0	0
'Methanococcus voltae'	0	0	50	50	0	0	50	50	50	50	50	50	50	50	0	50	0	50	0	50	0	50	50	50	0	50	50	0	0	0	0	0	0	0	50	50	50	0	0	0	0	0	50	0	0	0	0	0	0	0	0	0	0	0	0	0	0	0	0	0	0	0	0	0	0	0	0	0	0	0	0	0	0	0	0	0	0	0	0	0	0	0	0	0	0	0	0
'Methanohalobium evestigatum'	50	50	50	50	50	50	50	50	50	50	50	50	0	0	0	50	0	50	0	50	0	50	50	50	0	0	50	0	50	50	50	0	50	0	50	50	50	0	0	0	0	0	50	0	0	0	0	0	0	0	0	0	0	0	0	0	0	0	0	0	50	50	50	50	50	50	50	50	50	50	50	50	0	0	0	0	0	0	0	0	0	0	0	0	0	0	0
'Halalkalicoccus jeotgali'	50	50	0	0	0	0	50	50	50	50	0	0	0	0	0	50	0	50	0	0	0	50	50	50	0	0	0	0	50	50	50	0	50	0	50	50	50	0	0	0	0	0	0	0	0	0	0	0	50	50	50	50	50	0	0	0	50	50	50	0	0	0	0	0	0	0	0	0	0	0	0	0	0	0	0	0	0	0	50	50	50	0	0	0	0	0	0
'Methanothermobacter marburgensis'	0	0	50	50	50	50	50	50	50	50	50	50	0	0	0	50	0	50	0	50	0	0	0	50	0	0	50	0	0	0	0	0	0	0	50	50	50	0	0	0	0	0	50	0	0	0	0	0	0	0	0	0	0	0	0	0	0	0	0	0	0	0	0	0	0	50	0	0	0	0	0	0	0	0	0	0	0	0	0	0	0	0	0	0	0	0	0
'Acidilobus saccharovorans'	50	50	0	0	0	0	50	50	50	50	50	50	0	0	0	0	0	0	0	0	0	0	0	0	0	0	0	0	0	0	0	0	0	0	0	0	0	0	0	0	0	0	0	0	0	0	0	0	0	0	0	0	0	0	0	0	0	0	0	50	0	0	0	0	0	0	0	0	0	50	50	0	50	50	50	0	0	0	0	0	0	0	50	50	0	0	0
'Ignisphaera aggregans'	0	0	0	0	0	0	50	50	50	50	50	50	0	0	0	0	0	0	0	0	0	0	0	0	0	0	0	0	0	50	50	0	0	0	0	0	0	0	50	50	0	0	0	0	0	50	0	0	0	0	0	0	0	0	50	0	0	0	0	50	0	0	0	0	0	0	0	0	0	0	0	0	50	0	50	50	50	0	0	0	0	0	0	0	0	0	0
'Vulcanisaeta distributa'	0	50	0	0	0	0	50	50	50	50	50	50	0	50	0	0	0	0	0	0	0	0	0	0	0	0	0	0	0	50	50	0	0	0	0	0	0	0	50	50	0	0	0	0	0	0	50	0	0	0	0	0	0	0	0	0	0	0	0	50	0	0	0	0	0	0	0	0	0	0	0	0	50	50	0	50	0	50	0	0	0	0	0	0	0	50	0
'Methanolacinia petrolearia'	0	0	50	50	50	50	50	50	50	50	0	0	0	0	0	50	0	50	0	0	0	50	50	50	0	0	50	0	50	50	50	0	0	0	50	50	50	0	0	0	0	0	0	0	0	0	0	0	0	0	0	0	0	0	0	0	0	0	0	0	50	50	50	50	0	50	50	0	0	0	0	50	0	0	0	0	0	0	0	0	0	0	0	0	0	0	0
'Methanothermus fervidus'	0	0	0	0	0	0	50	50	50	50	0	0	0	0	0	50	0	50	0	0	0	0	0	50	0	0	0	0	0	0	0	0	0	0	50	50	50	50	50	50	0	0	50	0	0	0	0	0	0	0	0	0	0	0	0	0	0	0	0	0	0	0	0	0	0	0	0	0	0	0	0	0	0	0	0	0	0	0	0	0	0	0	0	0	0	0	0
'Halogeometricum borinquense'	50	50	0	0	0	0	50	50	50	50	50	50	0	0	0	50	0	50	0	50	0	50	50	50	0	0	0	0	50	50	50	0	50	0	50	50	50	0	0	0	0	0	0	50	50	50	0	0	50	50	50	50	50	0	0	50	50	50	50	0	0	0	0	0	0	0	0	0	0	0	0	0	0	0	0	0	0	0	50	50	50	0	0	0	0	0	0
'Caldiarchaeum subterraneum'	0	0	0	0	0	0	50	50	50	50	50	50	0	50	0	0	0	0	0	0	0	0	0	0	0	0	0	0	0	0	0	0	0	0	50	50	50	50	50	50	0	0	0	50	50	50	50	0	0	0	0	0	0	0	0	0	0	0	0	50	0	0	0	0	0	0	0	0	0	0	0	0	50	0	0	0	50	0	0	0	0	50	0	0	0	0	0
'Desulfurococcus mucosus'	0	0	0	0	0	0	50	50	50	50	50	50	0	50	0	0	0	0	0	0	0	0	0	0	0	0	0	0	0	0	0	0	0	0	0	0	0	0	50	50	0	0	0	0	0	0	50	0	0	0	0	0	0	0	0	0	0	0	0	50	0	0	0	0	0	0	0	0	0	0	0	0	50	50	50	0	50	50	0	0	0	50	0	0	0	0	0
'Thermococcus barophilus'	50	50	50	50	0	0	50	50	50	50	50	50	0	50	50	50	50	50	50	50	50	50	50	50	0	0	50	50	50	50	50	50	50	50	50	50	50	0	0	0	0	0	0	0	0	50	50	0	0	0	0	0	0	50	50	0	0	0	0	0	0	0	0	0	0	0	0	0	0	0	0	0	0	0	0	0	0	0	0	0	0	0	0	0	0	0	0
'Vulcanisaeta moutnovskia'	0	50	50	50	0	0	50	50	50	50	50	50	0	50	0	0	0	0	0	0	0	0	0	0	0	0	0	0	0	50	50	0	0	0	0	0	0	0	50	50	0	0	0	0	0	0	50	0	0	0	0	0	0	0	0	0	0	0	0	50	0	0	0	0	0	0	0	0	0	0	0	0	50	50	0	50	0	50	0	0	0	0	0	0	0	50	0
'Methanobacterium lacus'	0	0	50	50	0	0	50	50	50	50	0	0	0	0	0	50	0	50	0	0	0	50	50	50	0	0	50	0	0	0	0	0	0	0	50	50	50	0	0	0	50	50	50	50	50	50	0	0	0	0	0	0	0	0	0	0	0	0	0	0	0	0	0	0	0	0	0	0	0	0	0	0	0	0	0	0	0	0	0	0	0	0	0	0	0	0	0
'Methanopyrus kandleri'	0	0	0	0	0	0	50	50	50	50	50	50	0	0	0	0	0	50	0	0	50	50	50	50	0	0	0	0	0	0	0	0	0	0	50	50	50	50	50	50	0	0	0	0	0	0	0	0	0	0	0	0	0	0	0	0	50	0	0	50	0	0	0	0	0	0	0	0	0	0	0	0	0	0	0	0	50	0	0	0	0	0	0	0	0	0	0
'Archaeoglobus veneficus'	0	0	50	50	0	0	50	50	50	50	50	50	50	50	0	50	0	50	0	50	0	0	0	0	0	50	50	0	0	0	0	0	0	0	50	50	50	50	50	50	0	0	0	0	0	0	0	0	0	0	0	0	0	0	0	0	0	0	0	0	0	0	0	0	0	0	0	0	0	0	0	0	0	0	0	0	0	0	0	0	0	0	0	0	0	0	0
'Thermoproteus uzoniensis'	50	50	0	0	0	0	50	50	50	50	50	50	0	0	0	0	0	0	0	0	0	0	0	0	0	0	0	0	0	50	50	0	0	0	0	0	0	0	0	0	0	0	0	0	0	50	0	0	0	0	0	0	0	0	50	0	0	0	0	50	0	0	0	0	0	0	0	0	0	0	0	0	50	50	0	50	0	0	0	0	0	0	50	0	0	50	0
'Acidianus hospitalis'	50	50	50	50	0	0	50	50	50	50	50	50	0	50	0	0	0	0	0	0	0	0	0	0	0	0	0	0	0	0	0	0	0	0	0	0	0	0	50	50	0	0	0	0	0	0	50	0	0	0	0	0	0	0	0	0	0	0	0	50	0	0	0	0	0	0	0	0	0	0	0	0	50	50	50	0	0	50	0	0	0	50	50	50	0	0	0
'Methanothrix soehngenii'	0	0	50	50	50	50	50	50	50	50	0	0	0	0	0	50	0	50	0	0	0	50	50	50	0	0	50	0	50	50	50	0	0	0	50	50	50	0	0	0	0	0	0	0	0	0	0	0	0	0	0	0	0	0	0	0	0	0	0	0	50	50	50	50	0	50	50	0	0	0	0	50	0	0	0	0	0	0	0	0	0	0	0	0	0	0	0
'Metallosphaera cuprina'	50	50	50	50	0	0	50	50	50	50	50	50	0	50	0	0	0	0	0	0	0	0	0	0	0	0	0	0	0	0	0	0	0	0	0	0	0	0	50	50	0	0	0	0	0	0	50	0	0	0	0	0	0	0	0	0	0	0	0	50	0	0	0	0	0	0	0	0	0	0	0	0	50	50	50	0	0	50	0	0	0	50	50	50	0	0	0
'Pyrococcus'	50	50	0	0	0	0	50	50	50	50	50	50	50	50	50	50	50	50	50	50	50	50	50	50	50	50	0	50	50	50	50	0	50	50	50	50	50	0	0	0	0	0	0	0	0	50	50	0	0	0	0	0	0	50	50	0	0	0	0	0	0	0	0	0	0	0	0	0	0	0	0	0	0	0	0	0	0	0	0	0	0	0	0	0	0	0	0
'Methanotorris igneus'	0	0	50	50	0	0	50	50	50	50	0	0	0	0	0	50	0	50	0	0	0	50	50	50	0	0	50	0	0	0	0	0	0	0	50	50	50	50	50	50	0	0	0	0	0	0	0	0	0	0	0	0	0	0	0	0	0	0	0	0	0	0	0	0	0	0	0	0	0	0	0	0	0	0	0	0	0	0	0	0	0	0	0	0	0	0	0
'Halorhabdus tiamatea SARL4B'	0	0	0	0	0	0	50	50	50	50	50	50	0	0	0	50	0	50	0	50	0	50	50	50	0	0	0	0	50	50	50	0	0	0	50	50	50	0	0	0	0	0	0	0	0	50	0	0	50	50	50	50	50	50	50	50	50	50	50	0	0	0	0	0	0	0	0	0	0	0	0	0	0	0	0	0	0	0	50	50	0	0	0	0	0	0	0
'Methanosalsum zhilinae'	50	50	50	50	50	50	50	50	50	50	0	0	50	50	0	50	0	50	0	0	0	50	50	50	0	50	50	0	50	50	50	0	0	0	50	50	50	0	0	0	0	0	50	0	0	0	0	0	0	0	0	0	0	0	0	0	0	0	0	0	0	50	50	50	0	50	50	50	50	50	50	50	0	0	0	0	0	0	0	0	0	0	0	0	0	0	0
'Pyrococcus yayanosii'	50	50	0	0	0	0	50	50	50	50	50	50	50	50	50	50	50	50	50	50	50	50	50	50	50	50	0	50	50	50	50	0	50	50	50	50	50	0	0	0	0	0	0	50	50	50	50	0	0	0	0	0	0	0	0	0	0	0	0	0	0	0	0	0	0	0	0	0	0	0	0	0	0	0	0	0	0	0	0	0	0	0	0	0	0	0	0
'Methanothermococcus okinawensis'	0	0	50	50	0	0	0	0	50	50	0	0	0	0	0	50	0	0	0	0	0	50	50	50	0	0	50	0	0	0	0	0	0	0	50	50	50	50	50	50	0	0	50	0	0	0	0	0	0	0	0	0	0	0	0	0	0	0	0	0	0	0	0	0	0	0	0	0	0	0	0	0	0	0	0	0	0	0	0	0	0	0	0	0	0	0	0
'Halopiger xanaduensis'	50	50	0	0	0	0	50	50	50	50	50	50	0	0	0	50	0	50	0	50	0	50	50	50	0	0	0	0	50	50	50	0	50	0	50	50	50	0	0	0	0	0	0	0	0	50	0	0	50	50	50	50	50	50	50	50	50	50	50	0	0	0	0	0	0	0	0	0	0	0	0	0	0	0	0	0	0	0	50	50	50	0	0	0	0	0	0
'Sulfurisphaera tokodaii'	50	50	50	50	0	0	50	50	50	50	50	50	0	50	0	0	0	0	0	0	0	0	0	0	0	0	0	0	0	50	50	0	0	0	0	0	0	0	0	0	0	0	0	0	0	0	50	0	0	0	0	0	0	0	0	0	0	0	0	50	0	0	0	0	0	0	0	0	0	0	0	0	50	50	50	50	50	0	0	0	0	50	50	50	0	0	0
'Pyrolobus fumarii'	50	50	0	0	0	0	50	50	0	0	50	50	0	50	0	0	0	0	0	0	0	0	0	0	0	0	0	0	0	50	50	0	0	0	0	0	0	0	50	50	0	0	0	0	0	0	50	0	0	0	0	0	0	0	0	0	0	0	0	0	0	0	0	0	0	0	0	0	0	0	0	0	50	0	50	50	50	50	0	0	0	0	50	50	0	0	0
'Thermococcus'	50	50	50	50	0	0	50	50	50	50	50	50	50	50	50	50	50	50	50	50	50	50	50	50	50	50	50	50	50	50	50	0	50	50	50	50	50	50	50	50	0	0	0	50	50	50	50	0	0	0	0	0	0	0	0	0	0	0	0	0	0	0	0	0	0	0	0	0	0	0	0	0	0	0	0	0	0	0	0	0	0	0	0	0	0	0	0
'Haloarcula hispanica'	0	0	0	0	0	0	50	50	50	50	50	50	0	0	0	50	0	50	0	50	0	50	50	50	0	0	0	0	50	50	50	0	0	0	50	50	50	0	0	0	0	0	0	0	0	0	0	0	50	50	50	50	50	0	0	50	50	50	50	0	0	0	0	0	0	0	0	0	0	0	0	0	0	0	0	0	0	0	0	0	0	0	0	0	0	0	0
'halophilic archaeon DL31'	0	0	0	0	0	0	50	50	50	50	50	50	0	0	0	0	0	0	0	0	0	0	50	50	0	0	0	0	0	50	50	0	0	0	0	50	50	0	0	0	0	0	0	0	0	0	0	0	0	0	0	0	0	0	0	0	0	0	0	0	0	0	0	0	0	0	0	0	0	0	0	0	0	0	0	0	0	0	0	0	0	0	0	0	0	0	0
'Thermoproteus tenax'	50	50	0	0	0	0	50	50	50	50	50	50	0	50	0	0	0	0	0	0	0	0	0	0	0	0	0	0	0	50	50	0	0	0	0	0	0	0	50	50	0	0	0	0	0	0	50	0	0	0	0	0	0	0	0	0	0	0	0	50	0	0	0	0	0	0	0	0	0	0	0	0	50	50	0	50	0	50	0	0	0	0	50	0	0	50	0
'Pyrobaculum ferrireducens'	50	50	0	0	0	0	50	50	50	50	50	50	0	50	0	0	0	0	0	0	0	0	0	0	0	0	0	0	0	50	50	0	0	0	0	0	0	0	50	50	0	0	0	0	0	50	50	0	0	0	0	0	0	0	50	0	0	0	0	50	0	0	0	0	0	0	0	0	0	0	0	0	50	50	0	50	0	50	0	0	0	0	50	0	0	50	0
'Methanosaeta harundinacea'	50	50	50	50	50	50	50	50	50	50	0	0	0	0	0	50	0	50	0	0	0	50	50	50	0	0	50	0	50	50	50	0	0	0	50	50	50	0	0	0	0	0	0	0	0	0	0	0	0	0	0	0	0	0	0	0	0	0	0	0	50	50	50	50	0	50	50	0	0	0	0	50	0	0	0	0	0	0	0	0	0	0	0	0	0	0	0
'Thermococcus litoralis'	50	50	50	50	0	0	50	50	50	50	50	50	50	50	50	50	50	50	50	50	0	0	0	0	50	50	50	50	50	50	50	50	50	50	50	50	50	0	0	0	0	0	0	0	0	50	50	0	0	0	0	0	0	50	50	0	0	0	0	0	0	0	0	0	0	0	0	0	0	0	0	0	0	0	0	0	0	0	0	0	0	0	0	0	0	0	0
'Pyrobaculum oguniense'	50	50	0	0	0	0	50	50	50	50	50	50	0	50	0	0	0	0	0	0	0	0	0	0	0	0	0	0	0	50	50	0	0	0	0	0	0	0	50	50	0	0	0	0	0	50	50	0	0	0	0	0	0	0	50	0	0	0	0	50	0	0	0	0	0	0	0	0	0	0	0	0	50	50	0	50	50	50	0	0	0	0	50	0	0	50	0
'Methanocella conradii'	50	50	50	50	0	0	50	50	50	50	50	50	0	50	0	50	0	50	0	50	0	50	50	50	0	0	50	0	50	50	50	0	50	0	50	50	50	0	0	0	0	0	50	0	0	0	50	0	0	0	50	0	0	0	0	0	0	0	0	0	50	50	50	50	50	0	50	0	0	50	50	50	0	0	0	0	0	0	0	0	0	0	0	0	0	0	0
'Fervidicoccus fontis'	50	50	0	0	0	0	50	50	50	50	50	50	0	50	0	0	0	0	0	0	0	0	0	0	0	0	0	0	0	0	0	0	0	0	0	0	0	0	50	50	0	0	0	0	0	0	50	0	0	0	0	0	0	0	0	0	0	0	0	50	0	0	0	0	0	0	0	0	0	0	0	0	50	0	50	0	50	50	0	0	0	50	50	0	0	0	0
'Haloferax mediterranei'	50	50	0	0	0	0	50	50	50	50	50	50	0	0	0	50	0	50	0	50	0	50	50	50	0	0	0	0	50	50	50	0	50	0	50	50	50	0	0	0	0	0	0	0	0	0	0	0	50	50	50	50	50	0	0	50	50	50	50	0	0	0	0	0	0	0	0	0	0	0	0	0	0	0	0	0	0	0	50	50	50	0	0	0	0	0	0
'Thermogladius calderae'	0	0	0	0	0	0	50	50	50	50	50	50	0	50	0	0	0	0	0	0	0	0	0	0	0	0	0	0	0	0	0	0	0	0	0	0	0	0	50	50	0	0	0	0	0	0	50	0	0	0	0	0	0	0	0	0	0	0	0	50	0	0	0	0	0	0	0	0	0	0	0	0	50	50	50	0	50	50	0	0	0	50	0	50	0	0	0
'Desulfurococcus amylolyticus DSM 16532'	0	0	0	0	0	0	50	50	50	50	50	50	0	50	0	0	0	0	0	0	0	0	0	0	0	0	0	0	0	0	0	0	0	0	0	0	0	0	50	50	0	0	0	0	0	0	50	0	0	0	0	0	0	0	0	0	0	0	0	50	0	0	0	0	0	0	0	0	0	0	0	0	50	50	50	0	0	50	0	0	0	50	0	0	0	0	0
'Natrinema'	50	50	0	0	0	0	50	50	50	50	0	0	0	0	0	50	0	50	0	0	0	50	50	50	0	0	0	0	50	50	50	0	50	0	50	50	50	0	0	0	0	0	0	0	0	0	0	0	50	50	50	50	50	0	0	0	50	50	50	0	0	0	0	0	0	0	0	0	0	0	0	0	0	0	0	0	0	0	50	50	50	0	0	0	0	0	0
'Candidatus Nitrosopumilus koreensis AR1'	0	0	50	50	0	0	50	50	0	0	50	50	0	0	0	0	0	0	0	0	0	0	0	0	0	0	0	0	0	0	0	0	0	0	0	50	50	0	0	0	0	0	0	0	0	50	0	50	0	0	0	0	0	0	0	0	0	0	0	0	0	0	0	0	0	0	0	0	0	0	0	0	0	0	0	0	0	0	0	0	0	0	0	0	0	0	0
'Candidatus Nitrosopumilus sediminis'	0	0	50	50	0	0	0	0	50	50	50	50	0	0	0	0	0	0	0	0	0	0	0	0	0	0	0	0	0	0	0	0	0	0	0	0	0	0	0	0	0	0	0	0	0	50	0	50	0	0	0	0	0	0	0	0	0	0	0	0	0	0	0	0	0	0	0	0	0	0	0	0	0	0	0	0	0	0	0	0	0	0	0	0	0	0	0
'Nitrososphaera gargensis'	50	50	50	50	50	50	50	50	50	50	50	50	50	50	0	0	0	0	0	0	0	0	0	0	50	50	0	0	0	0	0	0	50	50	50	50	50	0	0	0	0	0	0	0	0	0	0	0	0	0	0	0	0	0	0	0	0	0	0	0	0	0	0	0	0	0	0	0	0	0	0	0	0	0	0	0	0	0	0	0	0	0	0	0	0	0	0
'Caldisphaera lagunensis'	50	50	0	0	0	0	50	50	50	50	50	50	0	0	0	0	0	0	0	0	0	0	0	0	0	0	0	0	0	50	50	0	0	0	0	0	0	0	0	0	0	0	0	0	0	0	0	0	0	0	0	0	0	0	0	0	0	0	0	50	0	0	0	0	0	0	0	0	0	50	50	0	50	50	50	50	0	0	0	0	0	0	50	50	0	0	0
'Natronobacterium gregoryi'	50	50	0	0	0	0	50	50	50	50	50	50	0	0	0	50	0	50	0	50	0	50	50	50	0	0	0	0	50	50	50	0	50	0	50	50	50	0	0	0	0	0	0	50	50	50	0	0	50	50	50	50	50	0	0	50	50	50	50	0	0	0	0	0	0	0	0	0	0	0	0	0	0	0	0	0	0	0	50	50	50	0	0	0	0	0	0
'Methanoregula formicica'	50	50	50	50	0	0	50	50	50	50	50	50	50	50	0	50	0	50	0	50	0	50	50	50	0	50	50	0	50	50	50	0	50	0	50	50	50	0	0	0	0	0	0	0	0	50	0	0	0	0	0	0	0	50	50	0	0	0	0	0	50	50	50	50	50	0	50	50	50	50	50	50	0	0	0	0	0	0	0	0	0	0	0	0	0	0	0
'Aciduliprofundum'	0	0	50	50	0	0	50	50	50	50	0	0	50	50	0	50	0	50	0	0	0	0	0	0	0	50	50	0	50	50	50	0	0	0	50	50	50	50	50	50	50	50	0	0	0	0	0	0	0	0	0	0	0	0	0	0	0	0	0	0	0	0	0	0	0	0	0	0	0	0	0	0	0	0	0	0	0	0	0	0	0	0	0	0	0	0	0
'Halovivax ruber'	0	0	0	0	0	0	50	50	50	50	50	50	0	0	0	50	0	50	0	50	0	50	50	50	0	0	0	0	50	50	50	0	0	0	50	50	50	0	0	0	0	0	0	0	0	0	0	0	50	50	50	50	50	0	0	50	50	50	50	0	0	0	0	0	0	0	0	0	0	0	0	0	0	0	0	0	0	0	50	50	0	0	0	0	0	0	0
'Natrinema pellirubrum'	50	50	0	0	0	0	50	50	50	50	50	50	0	0	0	50	0	50	0	50	0	50	50	50	0	0	0	0	50	50	50	0	50	0	50	50	50	0	0	0	0	0	0	0	0	0	0	0	50	50	50	50	50	0	0	50	50	50	50	0	0	0	0	0	0	0	0	0	0	0	0	0	0	0	0	0	0	0	50	50	50	0	0	0	0	0	0
'Natronococcus occultus SP4'	50	50	0	0	0	0	50	50	50	50	0	0	0	0	0	50	0	50	0	0	0	50	50	50	0	0	0	0	50	50	50	0	50	0	50	50	50	0	0	0	0	0	0	0	0	0	0	0	50	50	50	50	50	0	0	0	50	50	50	0	0	0	0	0	0	0	0	0	0	0	0	0	0	0	0	0	0	0	50	50	50	0	0	0	0	0	0
'Methanomethylovorans hollandica'	0	0	50	50	0	0	50	50	50	50	50	50	0	0	0	50	0	50	0	50	0	50	50	50	0	0	50	0	50	50	50	0	0	0	50	50	50	0	0	0	0	0	50	0	0	0	0	0	0	0	0	0	0	0	0	0	0	0	0	0	50	50	50	50	50	0	50	50	50	50	50	50	0	0	0	0	0	0	0	0	0	0	0	0	0	0	0
'Natronomonas moolapensis'	50	50	0	0	0	0	50	50	50	50	50	50	0	0	0	50	0	50	0	50	0	50	50	50	0	0	0	0	50	50	50	0	0	0	50	50	50	0	0	0	0	0	0	50	50	50	0	0	50	50	50	50	50	50	50	50	50	50	50	0	0	0	0	0	0	0	0	0	0	0	0	0	0	0	0	0	0	0	50	50	0	0	0	0	0	0	0
'Thermoplasmatales archaeon'	0	0	50	50	0	0	50	50	50	50	0	0	0	0	0	50	0	50	0	0	0	0	0	0	0	0	50	0	50	50	50	0	0	0	50	50	50	0	0	0	0	0	0	0	0	0	0	0	0	0	0	0	0	0	0	0	0	0	0	0	0	0	0	0	0	0	0	0	0	0	0	0	0	0	0	0	0	0	0	0	0	0	0	0	0	0	0
'Methanomethylophilus alvus'	0	50	50	50	0	0	50	50	50	50	0	0	0	0	0	50	0	50	0	0	0	0	0	0	0	0	50	0	50	50	50	0	0	0	50	50	50	0	0	0	50	50	0	0	0	0	0	0	0	0	0	0	0	0	0	0	0	0	0	0	0	0	0	0	0	0	0	0	0	0	0	0	0	0	0	0	0	0	0	0	0	0	0	0	0	0	0
'Archaeoglobus sulfaticallidus PM70-1'	50	50	0	0	0	0	50	50	50	50	50	50	50	50	0	50	0	50	0	50	0	0	0	0	0	0	0	0	0	0	0	0	50	0	50	50	50	50	50	50	0	0	0	0	0	0	0	0	0	0	0	0	0	0	0	0	0	0	0	0	0	0	0	0	0	0	0	0	50	50	50	0	0	0	0	0	0	0	0	0	0	0	0	0	0	0	0
'Methanothermobacter thermautotrophicus'	0	0	50	50	50	50	50	50	50	50	50	50	50	50	0	50	0	50	0	50	0	0	0	50	50	50	50	0	0	0	0	0	0	0	50	50	50	0	0	0	0	0	50	0	0	0	0	0	0	0	0	0	0	0	0	0	0	0	0	0	0	0	0	0	0	50	0	0	0	0	0	0	0	0	0	0	0	0	0	0	0	0	0	0	0	0	0
'Archaeoglobus fulgidus'	50	50	50	50	0	0	50	50	0	0	50	50	50	50	0	0	0	50	0	50	0	0	0	0	0	0	50	0	0	0	0	0	50	0	50	50	50	0	0	0	0	0	0	0	0	50	50	0	0	0	0	0	0	50	50	0	0	0	0	0	0	0	0	0	0	0	0	0	0	0	0	0	0	0	0	0	0	0	0	0	0	0	0	0	0	0	0
'Pyrococcus horikoshii'	50	50	0	0	0	0	50	50	50	50	50	50	50	50	50	50	50	50	50	50	50	50	50	50	50	50	0	50	50	50	50	0	50	50	50	50	50	0	0	0	0	0	0	0	0	50	50	0	0	0	0	0	0	50	50	0	0	0	0	0	0	0	0	0	0	0	0	0	0	0	0	0	0	0	0	0	0	0	0	0	0	0	0	0	0	50	0
'Pyrococcus furiosus'	50	50	0	0	0	0	50	50	50	50	50	50	50	50	50	50	50	50	50	50	50	50	50	50	50	50	0	50	50	50	50	50	50	50	50	50	50	0	0	0	0	0	0	0	0	50	50	0	0	0	0	0	0	50	50	0	0	0	0	0	0	0	0	0	0	0	0	0	0	0	0	0	0	0	0	0	0	0	0	0	0	0	0	0	0	50	0
'Saccharolobus solfataricus'	50	50	50	50	0	0	50	50	50	50	50	50	0	50	0	0	0	0	0	0	0	0	0	0	0	0	0	0	0	50	50	0	0	0	0	0	0	0	50	50	0	0	0	0	0	50	50	50	0	0	0	0	0	0	0	0	0	0	0	50	0	0	0	0	0	0	0	0	0	0	0	0	50	50	50	50	0	0	0	0	0	50	50	50	0	0	0
'Methanocella arvoryzae'	0	0	50	50	0	0	50	50	50	50	50	50	50	50	0	50	0	50	0	50	0	50	50	50	0	50	50	0	50	50	50	0	0	0	50	50	50	0	0	0	0	0	0	0	0	50	0	50	0	0	0	0	0	0	0	0	0	0	0	0	50	50	50	50	50	0	50	50	50	50	50	50	0	0	0	0	0	0	0	0	0	0	0	0	0	0	0
'Methanococcoides burtonii'	0	0	50	50	0	0	50	50	50	50	50	50	50	50	0	50	0	50	0	50	0	50	50	50	0	50	50	0	50	50	50	0	0	0	50	50	50	0	0	0	50	50	50	50	50	50	0	0	0	0	0	0	0	0	0	0	0	0	0	0	50	50	50	50	50	0	50	50	50	50	50	50	0	0	0	0	0	0	0	0	0	0	0	0	0	0	0
'Haloquadratum walsbyi'	50	50	0	0	0	0	50	50	50	50	50	50	0	0	0	50	0	50	0	50	0	50	50	50	0	0	0	0	50	50	50	0	50	0	50	50	50	0	0	0	0	0	0	0	0	0	0	0	50	50	50	50	50	0	0	50	50	50	50	0	0	0	0	0	0	0	0	0	0	0	0	0	0	0	0	0	0	0	0	0	50	0	0	0	0	0	0
'Methanospirillum hungatei JF-1'	0	0	50	50	50	50	50	50	50	50	50	50	0	0	0	50	0	50	0	50	0	50	50	50	0	0	50	0	0	0	0	0	0	0	50	50	50	0	0	0	0	0	0	0	0	50	0	50	0	0	0	0	0	0	0	0	0	0	0	0	50	50	50	0	50	50	50	50	50	50	50	50	0	0	0	0	0	0	0	0	0	0	0	0	0	0	0
'Methanosphaera stadtmanae'	0	50	50	50	0	0	50	50	50	50	50	50	50	50	0	50	0	50	0	50	0	50	50	50	0	50	50	0	0	0	0	0	0	0	50	50	50	0	0	0	0	0	0	0	0	0	0	0	0	0	0	0	0	0	0	0	0	0	0	0	0	0	0	0	0	0	0	0	0	0	0	0	0	0	0	0	0	0	0	0	0	0	0	0	0	0	0
'Methanosarcina barkeri'	50	50	50	50	50	50	50	50	50	50	50	50	50	50	0	50	0	50	0	50	0	50	50	50	0	50	50	0	50	50	50	0	50	0	50	50	50	0	0	0	50	50	0	0	0	0	50	0	0	0	0	0	0	0	0	0	0	0	0	0	50	50	50	50	50	50	50	50	50	50	50	50	0	0	0	0	0	0	0	0	0	0	0	0	0	0	0
'Sulfolobus acidocaldarius'	50	50	50	50	0	0	50	50	50	50	50	50	0	0	0	0	0	0	0	0	0	0	0	0	0	0	0	0	0	50	50	0	0	0	0	0	0	0	0	0	0	0	0	0	0	0	0	0	0	0	0	0	0	0	0	0	0	0	0	50	0	0	0	0	0	0	0	0	0	0	0	0	50	50	50	50	0	0	0	0	0	0	50	50	0	0	0
'Methanocaldococcus jannaschii'	0	0	50	50	0	0	50	50	0	0	50	50	50	50	0	0	0	50	0	50	0	50	50	50	0	50	50	0	0	0	0	0	0	0	50	50	50	50	50	50	0	0	0	0	0	0	50	0	0	0	0	0	0	0	0	0	0	0	0	0	0	0	0	0	0	0	0	0	0	0	0	0	0	0	0	0	0	0	0	0	0	0	0	0	0	0	0
'Thermococcus kodakarensis'	0	50	50	50	0	0	50	50	50	50	50	50	50	50	50	50	50	50	50	50	50	50	50	50	50	50	50	50	50	50	50	0	0	50	50	50	50	50	50	50	0	0	0	0	0	0	50	0	0	0	0	0	0	0	0	0	0	0	0	0	0	0	0	0	0	0	0	0	0	0	0	0	0	0	0	0	0	0	0	0	0	0	0	0	0	50	0
'Haloarcula marismortui'	50	50	0	0	0	0	50	50	50	50	50	50	0	0	0	50	0	50	0	50	0	50	50	50	0	0	0	0	50	50	50	0	50	0	50	50	50	0	0	0	0	0	0	0	0	50	0	0	50	50	50	50	50	50	50	50	50	50	50	0	0	0	0	0	0	0	0	0	0	0	0	0	0	0	0	0	0	0	50	50	50	0	0	0	0	0	0
'Picrophilus torridus'	50	50	50	50	0	0	50	50	50	50	0	0	0	0	0	50	0	50	0	0	0	0	0	0	0	0	50	0	0	0	0	0	50	0	0	0	0	0	0	0	0	0	0	0	0	0	0	0	0	0	0	0	0	0	0	0	0	0	0	0	0	0	0	0	0	0	0	0	0	0	0	0	0	0	0	0	0	0	0	0	0	0	0	0	0	0	0
'Nanoarchaeum equitans'	0	50	0	0	0	0	50	50	0	0	0	0	50	50	0	0	0	50	0	0	0	0	0	0	50	50	0	0	0	0	0	50	0	0	50	50	50	50	50	50	0	0	0	0	0	0	0	0	0	0	0	0	0	0	0	0	0	0	0	0	0	0	0	0	0	0	0	0	0	0	0	0	0	0	0	0	0	0	0	0	0	0	0	0	0	0	0
'Methanosarcina mazei'	50	50	50	50	50	50	50	50	50	50	50	50	50	50	0	50	0	50	0	50	0	50	50	50	0	50	50	0	50	50	50	0	50	0	50	50	50	0	0	0	50	50	0	0	0	50	0	50	0	0	0	0	0	0	0	0	0	0	0	0	50	50	50	50	50	50	50	50	50	50	50	50	0	0	0	0	0	0	0	0	0	0	0	0	0	0	0
'Methanosarcina acetivorans'	50	50	50	50	0	0	50	50	50	50	50	50	50	50	0	50	0	50	0	50	0	50	50	50	0	50	50	0	50	50	50	0	50	0	50	50	50	0	0	0	0	0	0	0	0	50	0	50	0	0	0	0	0	0	0	0	0	0	0	0	50	50	50	50	50	0	50	50	50	50	50	50	0	0	0	0	0	0	0	0	0	0	0	0	0	0	0
'Pyrobaculum aerophilum'	50	50	0	0	0	0	50	50	50	50	50	50	0	50	0	0	0	0	0	0	0	0	0	0	0	0	0	0	0	50	50	0	0	0	0	0	0	0	0	0	0	0	0	0	0	0	50	0	0	0	0	0	0	0	0	0	0	0	0	50	0	0	0	0	0	0	0	0	0	0	0	0	50	50	0	50	0	0	0	0	0	50	50	0	0	50	0
'Thermoplasma volcanium'	50	50	50	50	0	0	50	50	50	50	0	0	0	0	0	50	0	50	0	0	0	0	0	0	0	0	50	0	50	50	50	0	50	0	50	50	50	0	0	0	0	0	0	50	50	50	0	0	0	0	0	0	0	0	0	0	0	0	0	0	0	0	0	0	0	0	0	0	0	0	0	0	0	0	0	0	0	0	0	0	0	0	0	0	0	0	0
'Thermoplasma acidophilum'	50	50	50	50	0	0	50	50	50	50	0	0	0	0	0	50	0	50	0	0	0	0	0	0	0	0	50	0	50	50	50	0	50	0	50	50	50	0	0	0	0	0	0	0	0	0	0	0	0	0	0	0	0	0	0	0	0	0	0	0	0	0	0	0	0	0	0	0	0	0	0	0	0	0	0	0	0	0	0	0	0	0	0	0	0	0	0
'Pyrococcus abyssi'	50	50	0	0	0	0	50	50	50	50	50	50	0	50	50	50	50	50	50	50	50	50	50	50	0	0	0	50	50	50	50	50	50	50	50	50	50	0	0	0	0	0	0	0	0	50	50	0	0	0	0	0	0	50	50	0	0	0	0	0	0	0	0	0	0	0	0	0	0	0	0	0	0	0	0	0	0	0	0	0	0	0	0	0	0	50	0
'Aeropyrum pernix'	50	50	0	0	0	0	50	50	50	50	0	0	0	50	0	0	0	0	0	0	0	0	0	0	0	0	0	0	0	50	50	0	0	0	0	0	0	0	50	50	0	0	0	0	0	50	50	0	0	0	0	0	0	0	50	0	0	0	0	50	0	0	0	0	0	0	0	0	0	50	50	0	50	0	50	50	0	50	0	0	0	0	50	0	0	0	0
'Salinarchaeum'	0	0	0	0	0	0	50	50	50	50	50	50	0	0	0	50	0	50	0	50	0	50	50	50	0	0	0	0	50	50	50	0	0	0	50	50	50	0	0	0	0	0	0	0	0	50	0	0	50	50	50	50	50	50	50	50	50	50	50	0	0	0	0	0	0	0	0	0	0	0	0	0	0	0	0	0	0	0	50	50	0	0	0	0	0	0	0
'Methanobrevibacter'	0	50	50	50	0	0	50	50	50	50	50	50	50	50	0	50	0	50	0	50	0	0	0	50	0	50	50	0	0	50	50	0	0	0	50	50	50	0	0	0	0	0	50	0	0	0	0	0	0	0	0	0	0	0	0	0	0	0	0	0	0	0	0	0	0	0	0	0	0	0	0	0	0	0	0	0	0	0	0	0	0	0	0	0	0	0	0
'Methanomassiliicoccus intestinalis'	0	0	50	50	0	0	50	50	50	50	0	0	0	0	0	50	0	50	0	0	0	0	0	0	0	0	50	0	50	50	50	0	0	0	50	50	50	0	0	0	0	0	0	0	0	0	0	0	0	0	0	0	0	0	0	0	0	0	0	0	0	0	0	0	0	0	0	0	0	0	0	0	0	0	0	0	0	0	0	0	0	0	0	0	0	0	0
'Ferroplasma acidarmanus fer1'	50	50	50	50	0	0	50	50	50	50	0	0	0	0	0	50	0	50	0	0	0	0	0	0	0	0	50	0	50	50	50	0	50	0	0	0	0	0	0	0	0	0	0	0	0	0	0	0	0	0	0	0	0	0	0	0	0	0	0	0	0	0	0	0	0	0	0	0	0	0	0	0	0	0	0	0	0	0	0	0	0	0	0	0	0	0	0
'Thermofilum adornatum'	0	50	0	0	0	0	50	50	50	50	50	50	0	50	0	0	0	0	0	0	0	0	0	0	0	0	0	0	0	50	50	0	0	0	0	0	0	0	50	50	0	0	0	0	0	50	50	0	0	0	0	0	0	0	50	0	0	0	0	50	0	0	0	0	0	0	0	0	0	0	0	0	50	50	50	50	50	50	0	0	0	0	0	0	0	50	0
'Methanothermobacter'	0	0	50	50	50	50	50	50	50	50	50	50	0	0	0	50	0	50	0	50	0	0	0	50	0	0	50	0	0	0	0	0	0	0	50	50	50	0	0	0	0	0	50	0	0	0	0	0	0	0	0	0	0	0	0	0	0	0	0	0	0	0	0	0	0	50	0	0	0	0	0	0	0	0	0	0	0	0	0	0	0	0	0	0	0	0	0
'Aeropyrum camini SY1 = JCM 12091'	50	50	0	0	0	0	50	50	50	50	50	50	0	50	0	0	0	0	0	0	0	0	0	0	0	0	0	0	0	50	50	0	0	0	0	0	0	0	50	50	0	0	0	0	0	0	50	0	0	0	0	0	0	0	0	0	0	0	0	50	0	0	0	0	0	0	0	0	0	50	50	0	50	50	50	50	0	50	0	0	0	50	50	0	0	0	0
'Methanobacterium'	0	0	50	50	0	0	50	50	50	50	50	50	50	50	0	50	0	50	0	50	0	0	0	50	0	50	50	0	0	0	0	0	0	0	50	50	50	0	0	0	0	0	50	0	0	0	0	0	0	0	0	0	0	0	0	0	0	0	0	0	0	0	0	0	0	0	0	0	0	0	0	0	0	0	0	0	0	0	0	0	0	0	0	0	0	0	0
'Halostagnicola larsenii XH-48'	0	0	0	0	0	0	50	50	50	50	50	50	0	0	0	50	0	50	0	50	0	50	50	50	0	0	0	0	50	50	50	0	0	0	50	50	50	0	0	0	0	0	0	0	0	0	0	0	50	50	50	50	50	0	0	50	0	50	50	0	0	0	0	0	0	0	0	0	0	0	0	0	0	0	0	0	0	0	50	50	0	0	0	0	0	0	0
'Thermococcus nautili'	50	50	50	50	0	0	50	50	50	50	0	0	50	50	50	50	50	50	0	0	50	50	50	50	50	50	50	50	50	50	50	50	50	50	50	50	50	0	0	0	0	0	0	0	0	0	0	0	0	0	0	0	0	0	0	0	0	0	0	0	0	0	0	0	0	0	0	0	0	0	0	0	0	0	0	0	0	0	0	0	0	0	0	0	0	0	0
