DATASET_EXTERNALSHAPE
SEPARATOR TAB
DATASET_LABEL	Annotation
COLOR	#ff0000
FIELD_COLORS	rgb(194,87,74)	rgb(232,185,73)	rgb(35,74,57)	rgb(165,203,252)	rgb(26,181,118)	rgb(168,94,67)	rgb(138,0,168)	rgb(95,183,10)	rgb(159,54,150)	rgb(248,17,232)	rgb(93,239,221)	rgb(26,129,98)	rgb(183,131,129)	rgb(43,68,134)	rgb(240,17,217)	rgb(254,237,241)	rgb(101,253,35)	rgb(20,237,179)	rgb(227,108,143)	rgb(28,35,29)	rgb(212,33,191)	rgb(23,171,9)	rgb(139,46,97)	rgb(182,15,95)	rgb(61,36,114)	rgb(8,59,43)	rgb(123,129,136)	rgb(167,199,145)	rgb(224,90,24)	rgb(33,163,157)	rgb(173,122,33)	rgb(132,235,48)	rgb(172,59,92)	rgb(30,253,55)	rgb(241,34,60)	rgb(108,3,200)	rgb(172,247,32)	rgb(202,84,107)	rgb(218,167,243)	rgb(120,226,34)	rgb(21,210,113)	rgb(17,44,207)	rgb(44,159,104)	rgb(26,58,89)	rgb(204,21,244)	rgb(103,225,148)	rgb(87,137,196)	rgb(247,99,224)	rgb(214,204,74)	rgb(159,252,223)	rgb(214,159,186)
FIELD_LABELS	arCOG00553	arCOG00557	arCOG00555	arCOG00554	arCOG01445	arCOG00878	arCOG00558	arCOG00770	arCOG00874	arCOG00872	arCOG01526	arCOG04748	arCOG00880	arCOG06444	arCOG00876	arCOG00871	arCOG03483	arCOG01444	arCOG00560	arCOG04818	arCOG00881	arCOG00877	arCOG07629	arCOG03038	arCOG07871	arCOG03157	arCOG00883	arCOG03151	arCOG03158	arCOG00803	arCOG04588	arCOG03143	arCOG01917	arCOG03145	arCOG03146	arCOG04754	arCOG03215	arCOG03032	arCOG03154	arCOG01443	arCOG08759	arCOG08693	arCOG10712	arCOG03748	arCOG03256	arCOG02966	arCOG00884	arCOG04743	arCOG00885	arCOG03042	arCOG04341
LEGEND_TITLE	Legend
LEGEND_POSITION_X	100
LEGEND_POSITION_Y	100
LEGEND_SHAPES	1	1	1	1	1	1	1	1	1	1	1	1	1	1	1	1	1	1	1	1	1	1	1	1	1	1	1	1	1	1	1	1	1	1	1	1	1	1	1	1	1	1	1	1	1	1	1	1	1	1	1
LEGEND_COLORS	rgb(194,87,74)	rgb(232,185,73)	rgb(35,74,57)	rgb(165,203,252)	rgb(26,181,118)	rgb(168,94,67)	rgb(138,0,168)	rgb(95,183,10)	rgb(159,54,150)	rgb(248,17,232)	rgb(93,239,221)	rgb(26,129,98)	rgb(183,131,129)	rgb(43,68,134)	rgb(240,17,217)	rgb(254,237,241)	rgb(101,253,35)	rgb(20,237,179)	rgb(227,108,143)	rgb(28,35,29)	rgb(212,33,191)	rgb(23,171,9)	rgb(139,46,97)	rgb(182,15,95)	rgb(61,36,114)	rgb(8,59,43)	rgb(123,129,136)	rgb(167,199,145)	rgb(224,90,24)	rgb(33,163,157)	rgb(173,122,33)	rgb(132,235,48)	rgb(172,59,92)	rgb(30,253,55)	rgb(241,34,60)	rgb(108,3,200)	rgb(172,247,32)	rgb(202,84,107)	rgb(218,167,243)	rgb(120,226,34)	rgb(21,210,113)	rgb(17,44,207)	rgb(44,159,104)	rgb(26,58,89)	rgb(204,21,244)	rgb(103,225,148)	rgb(87,137,196)	rgb(247,99,224)	rgb(214,204,74)	rgb(159,252,223)	rgb(214,159,186)
LEGEND_LABELS	arCOG00553	arCOG00557	arCOG00555	arCOG00554	arCOG01445	arCOG00878	arCOG00558	arCOG00770	arCOG00874	arCOG00872	arCOG01526	arCOG04748	arCOG00880	arCOG06444	arCOG00876	arCOG00871	arCOG03483	arCOG01444	arCOG00560	arCOG04818	arCOG00881	arCOG00877	arCOG07629	arCOG03038	arCOG07871	arCOG03157	arCOG00883	arCOG03151	arCOG03158	arCOG00803	arCOG04588	arCOG03143	arCOG01917	arCOG03145	arCOG03146	arCOG04754	arCOG03215	arCOG03032	arCOG03154	arCOG01443	arCOG08759	arCOG08693	arCOG10712	arCOG03748	arCOG03256	arCOG02966	arCOG00884	arCOG04743	arCOG00885	arCOG03042	arCOG04341
LEGEND_SHAPE_SCALES	1	1	1	1	1	1	1	1	1	1	1	1	1	1	1	1	1	1	1	1	1	1	1	1	1	1	1	1	1	1	1	1	1	1	1	1	1	1	1	1	1	1	1	1	1	1	1	1	1	1	1
DATA
'Palaeococcus pacificus DY20341'	50	50	50	50	50	50	50	50	50	50	50	0	0	0	0	0	0	0	0	0	0	0	0	0	0	0	0	0	0	0	0	0	0	0	0	0	0	0	0	0	0	0	0	0	0	0	0	0	0	0	0
'Candidatus Nitrososphaera evergladensis SR1'	50	50	50	0	50	0	50	0	50	0	0	50	50	0	0	0	0	0	0	0	0	0	0	0	0	0	0	0	0	0	0	0	0	0	0	0	0	0	0	0	0	0	0	0	0	0	0	0	0	0	0
'Geoglobus acetivorans'	50	50	50	0	50	0	0	0	0	50	0	0	0	0	0	0	0	0	0	0	0	0	0	0	0	0	0	0	0	0	0	0	0	0	0	0	0	0	0	0	0	0	0	0	0	0	0	0	0	0	0
'Natronomonas pharaonis'	50	50	50	50	0	0	0	50	50	50	0	0	0	50	0	0	0	0	0	0	0	0	0	0	0	0	0	0	0	0	0	0	0	0	0	0	0	0	0	0	0	0	0	0	0	0	0	0	0	0	0
'Pyrobaculum islandicum'	50	50	50	0	0	0	0	50	50	0	50	0	0	0	50	0	0	0	0	0	0	0	0	0	0	0	0	0	0	0	0	0	0	0	0	0	0	0	0	0	0	0	0	0	0	0	0	0	0	0	0
'Thermofilum pendens'	50	50	50	0	0	0	0	50	50	0	50	0	0	0	50	50	50	50	0	0	0	0	0	0	0	0	0	0	0	0	0	0	0	0	0	0	0	0	0	0	0	0	0	0	0	0	0	0	0	0	0
'Hyperthermus butylicus'	0	50	50	0	0	0	0	50	50	0	50	0	0	0	0	0	0	0	0	0	0	0	0	0	0	0	0	0	0	0	0	0	0	0	0	0	0	0	0	0	0	0	0	0	0	0	0	0	0	0	0
'Methanocorpusculum labreanum'	50	50	50	50	50	0	50	50	0	50	0	0	0	0	0	50	0	0	50	50	0	0	0	0	0	0	0	0	0	0	0	0	0	0	0	0	0	0	0	0	0	0	0	0	0	0	0	0	0	0	0
'Methanoculleus marisnigri'	50	50	0	50	0	0	50	50	0	50	0	0	50	0	0	0	0	0	50	0	50	0	0	0	0	0	0	0	0	0	0	0	0	0	0	0	0	0	0	0	0	0	0	0	0	0	0	0	0	0	0
'Staphylothermus marinus'	50	50	50	0	0	0	0	0	0	0	50	0	0	0	0	0	0	0	0	0	0	50	0	0	0	0	0	0	0	0	0	0	0	0	0	0	0	0	0	0	0	0	0	0	0	0	0	0	0	0	0
'Pyrobaculum calidifontis'	50	50	50	0	0	0	0	50	50	0	50	0	0	0	50	50	0	50	0	0	0	0	0	0	0	0	0	0	0	0	0	0	0	0	0	0	0	0	0	0	0	0	0	0	0	0	0	0	0	0	0
'Methanococcus maripaludis'	50	50	50	50	50	0	50	0	0	50	0	50	50	0	0	0	0	0	0	0	0	0	50	0	0	0	0	0	0	0	0	0	0	0	0	0	0	0	0	0	0	0	0	0	0	0	0	0	0	0	0
'Metallosphaera sedula'	50	50	50	0	0	0	50	50	50	0	50	0	0	0	0	0	0	50	0	0	0	50	0	0	0	0	0	0	0	0	0	0	0	0	0	0	0	0	0	0	0	0	0	0	0	0	0	0	0	0	0
'Methanobrevibacter smithii'	50	50	50	50	50	0	50	0	50	50	0	0	0	0	0	0	0	0	0	0	50	0	0	50	50	0	0	0	0	0	0	0	0	0	0	0	0	0	0	0	0	0	0	0	0	0	0	0	0	0	0
'Methanococcus vannielii'	50	50	0	50	50	0	50	0	0	50	0	50	0	0	0	50	0	0	0	0	0	0	0	0	0	0	0	0	0	0	0	0	0	0	0	0	0	0	0	0	0	0	0	0	0	0	0	0	0	0	0
'Methanococcus aeolicus'	50	0	0	50	50	0	50	0	0	50	0	0	0	0	0	0	0	0	0	0	0	0	0	0	0	50	0	0	0	0	0	0	0	0	0	0	0	0	0	0	0	0	0	0	0	0	0	0	0	0	0
'Methanoregula boonei'	50	50	50	50	0	0	50	50	50	50	0	0	0	0	0	0	0	0	50	0	0	0	0	0	0	0	0	0	0	0	0	0	0	0	0	0	0	0	0	0	0	0	0	0	0	0	0	0	0	0	0
'Ignicoccus hospitalis'	50	50	50	0	0	0	0	50	50	0	50	0	0	0	0	0	0	50	0	0	0	50	0	0	0	0	0	0	0	0	0	0	0	0	0	0	0	0	0	0	0	0	0	0	0	0	0	0	0	0	0
'Caldivirga maquilingensis'	50	50	50	0	0	0	50	50	0	0	50	0	0	0	50	0	0	50	0	0	0	0	0	0	0	0	0	0	0	0	0	0	0	0	0	0	0	0	0	0	0	0	0	0	0	0	0	0	0	0	0
'Nitrosopumilus maritimus'	50	50	50	0	0	50	50	0	0	50	0	0	0	0	0	0	0	0	0	0	0	0	0	0	0	0	50	0	0	0	0	0	0	0	0	0	0	0	0	0	0	0	0	0	0	0	0	0	0	0	0
'Korarchaeum cryptofilum'	50	50	50	0	0	0	0	50	50	0	0	0	0	50	0	50	0	50	50	0	0	0	0	0	0	0	0	0	0	0	0	0	0	0	0	0	0	0	0	0	0	0	0	0	0	0	0	0	0	0	0
'Pyrobaculum neutrophilum'	50	50	50	0	0	0	0	50	50	0	0	0	0	0	50	0	0	50	0	0	0	0	0	0	0	0	0	0	0	0	0	0	0	0	0	0	0	0	0	0	0	0	0	0	0	0	0	0	0	0	0
'Aciduliprofundum boonei'	50	50	0	0	0	0	50	50	0	0	50	0	0	0	0	0	0	0	0	0	0	0	0	0	0	0	0	0	0	0	0	0	0	0	0	0	0	0	0	0	0	0	0	0	0	0	0	0	0	0	0
'Thermococcus onnurineus'	50	50	50	50	0	0	50	50	0	50	50	0	0	0	50	0	0	0	0	0	0	0	0	0	0	0	0	50	50	0	0	0	0	0	0	0	0	0	0	0	0	0	0	0	0	0	0	0	0	0	0
'Desulfurococcus amylolyticus'	50	50	50	0	0	0	0	0	0	0	50	0	0	0	0	0	0	50	0	0	0	0	0	0	0	0	0	0	0	0	0	0	0	0	0	0	0	0	0	0	0	0	0	0	0	0	0	0	0	0	0
'Methanosphaerula palustris'	50	50	50	50	0	0	50	50	50	50	0	50	0	0	0	0	0	0	50	0	0	0	0	0	50	0	0	0	0	0	0	0	0	0	0	0	0	0	0	0	0	0	0	0	0	0	0	0	0	0	0
'Halorubrum lacusprofundi'	50	50	50	50	0	0	0	50	50	50	0	0	0	0	0	50	0	0	0	0	0	0	0	0	0	0	0	0	0	50	50	0	0	0	0	0	0	0	0	0	0	0	0	0	0	0	0	0	0	0	0
'Thermococcus gammatolerans'	50	50	0	50	0	0	50	50	50	50	50	0	0	0	0	50	0	50	0	0	0	0	0	0	0	0	0	0	0	0	0	0	0	0	0	0	0	0	0	0	0	0	0	0	0	0	0	0	0	0	0
'Thermococcus sibiricus'	50	50	50	50	50	0	50	50	50	50	50	0	50	0	0	0	0	0	0	0	0	0	0	0	0	0	0	0	0	0	0	0	0	0	0	0	0	0	0	0	0	0	0	0	0	0	0	0	0	0	0
'Halorhabdus utahensis'	50	50	50	50	0	50	0	50	50	50	0	0	0	50	0	50	0	0	0	0	0	0	0	0	0	0	0	0	0	0	0	0	0	0	0	0	0	0	0	0	0	0	0	0	0	0	0	0	0	0	0
'Halomicrobium mukohataei'	50	50	50	50	50	0	0	50	0	50	0	0	0	0	0	0	0	0	0	0	0	0	0	0	0	0	0	0	0	0	0	0	0	0	0	0	0	0	0	0	0	0	0	0	0	0	0	0	0	0	0
'Methanocaldococcus fervens'	50	50	50	50	50	0	50	0	0	50	50	0	50	0	0	0	0	50	0	0	0	0	0	0	0	0	0	0	0	0	0	0	0	0	0	0	0	0	0	0	0	0	0	0	0	0	0	0	0	0	0
'Methanocaldococcus vulcanius'	50	50	0	50	0	0	50	0	0	50	50	0	0	0	0	50	50	0	0	50	0	0	0	0	0	0	0	0	0	0	0	50	0	0	0	0	0	0	0	0	0	0	0	0	0	0	0	0	0	0	0
'Methanocella paludicola'	50	50	50	50	0	0	50	50	50	50	0	0	0	0	0	0	0	0	50	0	0	0	0	0	0	0	0	0	0	0	0	50	50	0	0	0	0	0	0	0	0	0	0	0	0	0	0	0	0	0	0
'Archaeoglobus profundus'	0	50	50	0	0	0	0	0	0	50	50	0	0	0	0	0	0	0	0	0	0	50	0	0	0	0	0	50	0	0	0	0	0	50	50	0	0	0	0	0	0	0	0	0	0	0	0	0	0	0	0
'Haloterrigena turkmenica'	50	50	50	50	0	0	0	50	50	50	0	0	0	0	0	0	0	0	0	0	0	0	0	0	0	0	0	0	0	0	0	0	0	0	0	0	0	0	0	0	0	0	0	0	0	0	0	0	0	0	0
'Methanobrevibacter ruminantium'	50	50	50	50	50	0	0	0	0	50	0	0	0	0	0	0	0	0	0	0	50	0	0	0	0	0	50	0	0	0	0	50	0	0	0	50	50	50	0	0	0	0	0	0	0	0	0	0	0	0	0
'Ferroglobus placidus'	50	50	50	0	0	50	0	0	0	50	50	0	0	0	0	0	0	50	0	0	0	0	0	0	0	0	0	0	0	0	0	0	0	0	0	0	0	0	0	0	0	0	0	0	0	0	0	0	0	0	0
'Methanocaldococcus'	50	50	50	50	50	0	50	0	0	50	50	0	0	0	0	0	0	50	0	0	0	0	0	0	0	0	0	0	0	0	0	0	0	50	50	0	0	0	0	0	0	0	0	0	0	0	0	0	0	0	0
'Natrialba magadii'	50	50	50	50	0	0	0	50	50	50	0	0	0	0	0	50	0	0	0	0	0	0	0	0	0	0	0	0	0	0	0	0	0	0	50	0	0	0	50	0	0	0	0	0	0	0	0	0	0	0	0
'Haloferax volcanii'	50	50	50	50	0	0	0	50	50	50	0	0	50	0	0	0	0	0	0	0	0	0	0	0	0	0	0	0	0	0	0	0	0	0	0	0	0	0	0	0	0	0	0	0	0	0	0	0	0	0	0
'Thermosphaera aggregans'	50	50	50	0	0	0	0	0	0	0	50	0	0	0	0	50	0	50	0	0	0	0	0	0	0	0	0	0	0	0	0	0	0	0	0	0	0	0	0	0	0	0	0	0	0	0	0	0	0	0	0
'Methanocaldococcus infernus'	50	50	50	50	50	0	50	0	0	50	50	0	0	0	0	0	0	0	0	0	0	0	0	0	0	0	0	0	0	0	0	50	0	0	0	0	0	0	0	0	0	0	0	0	0	0	0	0	0	0	0
'Staphylothermus hellenicus'	50	50	50	0	0	0	0	0	0	0	50	0	0	0	0	0	0	0	0	0	0	50	0	0	0	0	0	0	0	0	0	0	0	0	0	0	0	0	0	0	0	0	0	0	0	0	0	0	0	0	0
'Methanococcus voltae'	50	50	50	50	50	0	50	0	0	50	0	0	0	50	0	0	0	0	0	0	0	0	50	0	0	0	0	0	0	0	0	50	0	0	0	0	0	0	0	0	0	0	0	0	0	0	0	0	0	0	0
'Halalkalicoccus jeotgali'	50	50	0	50	0	0	0	50	50	50	0	0	0	0	0	0	0	0	0	0	0	0	0	0	0	0	0	0	0	0	0	0	0	0	0	0	0	0	0	0	0	0	0	0	0	0	0	0	0	0	0
'Acidilobus saccharovorans'	50	50	50	0	0	0	0	0	50	0	0	0	0	0	0	0	0	0	50	0	0	0	0	0	0	0	0	0	0	0	0	0	0	0	0	0	0	0	0	0	0	0	0	0	0	0	0	0	0	0	0
'Vulcanisaeta distributa'	50	50	50	0	0	0	0	50	0	0	50	0	0	0	50	0	0	50	0	0	0	0	0	0	0	0	0	50	50	0	0	0	0	0	0	0	0	0	0	0	0	0	0	0	0	0	0	0	0	0	0
'Methanolacinia petrolearia'	50	50	0	50	0	0	50	50	0	50	0	50	0	0	0	0	0	0	0	0	0	0	0	0	0	0	0	0	0	0	0	0	0	0	0	0	0	0	0	0	0	0	0	0	0	0	0	0	0	0	0
'Halogeometricum borinquense'	50	50	50	50	0	0	0	50	50	50	0	0	0	0	0	0	0	0	0	50	0	0	0	0	0	0	0	0	0	0	0	0	0	0	0	0	0	0	0	0	0	0	0	0	0	0	0	0	0	0	0
'Desulfurococcus mucosus'	50	50	50	0	0	0	0	0	0	0	50	0	0	0	0	0	0	50	0	0	0	0	0	0	0	0	0	0	0	0	0	0	0	0	0	0	0	0	0	0	0	0	0	0	0	0	0	0	0	0	0
'Thermococcus barophilus'	50	50	50	50	0	50	50	50	50	50	0	0	0	0	0	50	0	50	0	0	0	0	0	0	0	0	0	0	0	0	0	0	0	0	0	0	0	0	0	50	0	0	0	0	0	0	0	0	0	0	0
'Vulcanisaeta moutnovskia'	50	50	50	0	0	0	50	50	0	0	50	0	0	0	50	0	0	50	0	0	0	0	0	0	0	0	0	50	50	0	0	0	0	0	0	0	0	0	0	0	0	0	0	0	0	0	0	0	0	0	0
'Methanobacterium lacus'	50	50	0	50	0	0	50	0	0	50	0	0	50	0	0	0	0	0	0	50	0	0	0	0	0	0	0	0	0	0	0	50	0	0	0	0	0	0	0	0	0	0	0	0	0	0	0	0	0	0	0
'Archaeoglobus veneficus'	50	50	50	0	50	50	50	0	0	50	50	0	0	0	0	0	0	0	0	0	0	0	0	0	0	0	0	0	0	0	0	0	0	0	0	0	0	0	0	0	0	0	0	0	0	0	0	0	0	0	0
'Thermoproteus uzoniensis'	50	50	50	0	0	0	0	50	50	0	0	0	0	0	50	50	0	0	0	0	0	0	0	0	0	0	0	0	0	0	0	0	0	0	0	0	0	0	0	0	0	0	0	0	0	0	0	0	0	0	0
'Acidianus hospitalis'	50	50	50	0	0	0	50	0	50	0	50	0	0	0	0	0	0	50	0	0	0	50	0	0	0	0	0	0	0	0	0	0	0	0	0	0	0	0	0	0	0	0	0	0	0	0	0	0	0	0	0
'Metallosphaera cuprina'	50	50	50	0	0	0	50	0	50	0	50	0	0	0	0	0	0	50	0	0	0	50	0	0	0	0	0	0	0	0	0	0	0	0	0	0	0	0	0	0	0	0	0	0	0	0	0	0	0	0	0
'Pyrococcus'	50	50	50	50	50	0	0	50	50	50	0	0	0	0	0	50	0	50	0	0	0	50	0	0	0	0	0	50	0	0	0	0	0	0	0	0	0	0	0	0	0	0	0	0	0	0	0	0	0	0	0
'Halorhabdus tiamatea SARL4B'	50	50	50	50	0	0	0	50	0	50	0	0	0	0	0	0	0	0	0	0	0	0	0	0	0	0	0	0	0	0	0	0	0	0	0	0	0	0	0	0	0	0	0	0	0	0	0	0	0	0	0
'Pyrococcus yayanosii'	50	50	50	50	50	0	0	50	50	50	0	0	0	0	0	0	0	50	0	50	0	0	0	0	0	0	0	0	0	0	0	0	0	50	50	0	0	0	0	0	0	0	0	0	0	0	0	0	0	0	0
'Methanothermococcus okinawensis'	50	0	0	50	0	0	50	0	0	50	50	0	0	0	0	0	50	0	0	0	0	0	0	0	0	0	0	0	0	0	0	50	0	0	0	0	0	0	0	0	0	0	0	0	0	0	0	0	0	0	0
'Halopiger xanaduensis'	50	50	50	50	0	0	0	50	50	50	0	0	0	0	0	50	0	0	0	0	0	0	0	0	0	0	0	0	0	0	0	0	0	0	0	0	0	0	0	0	0	0	0	0	0	0	0	0	0	0	0
'Sulfurisphaera tokodaii'	50	50	50	0	0	0	50	50	50	0	0	0	0	0	0	0	0	50	0	0	0	0	0	0	0	0	0	0	0	0	0	0	0	0	0	0	0	0	0	0	0	0	0	0	0	0	0	0	0	0	0
'Pyrolobus fumarii'	0	50	50	0	0	0	0	50	50	0	50	0	0	0	0	0	0	50	0	0	0	50	0	0	0	0	0	0	0	0	0	0	0	0	0	0	0	0	0	0	0	0	0	0	0	0	0	0	0	0	0
'Thermococcus'	50	50	50	50	50	50	50	50	50	50	50	0	0	0	0	0	0	50	0	50	0	0	0	0	0	0	0	0	0	0	0	0	0	0	0	0	0	0	0	50	0	0	0	0	0	0	0	0	0	0	0
'Haloarcula hispanica'	50	50	50	50	0	0	0	50	0	50	0	0	0	0	0	0	0	0	0	0	0	0	0	0	0	0	0	0	0	0	0	0	0	0	0	0	0	0	0	0	0	0	0	0	0	0	0	0	0	0	0
'halophilic archaeon DL31'	50	50	50	50	0	0	0	50	0	50	0	0	0	0	0	0	0	0	0	0	0	0	0	0	0	0	0	0	0	0	0	0	0	0	0	0	0	0	0	0	0	0	0	0	0	0	0	0	0	0	0
'Thermoproteus tenax'	50	50	50	0	0	0	0	50	50	0	50	0	0	0	50	0	0	50	0	0	0	0	0	0	0	0	0	0	0	0	0	0	0	0	0	0	0	0	0	0	0	0	0	0	0	0	0	0	0	0	0
'Pyrobaculum ferrireducens'	50	50	50	0	0	0	0	50	50	0	50	0	0	0	50	50	0	50	0	0	0	0	0	0	0	0	0	0	0	0	0	0	0	0	0	0	0	0	0	0	0	0	0	0	0	0	0	0	0	0	0
'Pyrobaculum oguniense'	50	50	50	0	0	0	0	50	50	0	50	0	0	0	50	50	0	50	0	0	0	0	0	0	0	0	0	0	0	0	0	0	0	0	0	0	0	0	0	0	0	0	0	0	0	0	0	0	0	0	0
'Methanocella conradii'	50	50	50	50	0	0	50	50	50	50	0	0	0	0	0	0	0	50	50	0	0	0	0	0	0	0	0	0	0	0	0	50	0	0	0	0	0	0	0	0	0	0	0	0	0	0	0	0	0	0	0
'Fervidicoccus fontis'	50	50	50	0	0	0	0	0	50	0	50	0	0	0	0	0	0	50	0	0	0	0	0	0	0	0	0	0	0	0	0	0	0	0	0	0	0	0	0	0	0	0	0	0	0	0	0	0	0	0	0
'Haloferax mediterranei'	50	50	50	50	0	0	0	50	50	50	0	0	0	0	0	0	0	0	0	0	0	0	0	0	0	0	0	0	0	0	0	0	0	0	0	0	0	0	0	0	0	0	0	0	0	0	0	0	0	0	0
'Thermogladius calderae'	50	50	50	0	0	0	0	0	0	0	50	0	0	0	0	0	0	50	0	0	0	0	0	0	0	0	0	0	0	0	0	0	0	0	0	0	0	0	0	0	0	0	0	0	0	0	0	0	0	0	0
'Desulfurococcus amylolyticus DSM 16532'	50	50	50	0	0	0	0	0	0	0	50	0	0	0	0	0	0	50	0	0	0	0	0	0	0	0	0	0	0	0	0	0	0	0	0	0	0	0	0	0	0	0	0	0	0	0	0	0	0	0	0
'Natrinema'	50	50	0	50	0	0	0	50	50	50	0	0	0	0	0	0	0	0	0	0	0	0	0	0	0	0	0	0	0	0	0	0	0	0	0	0	0	0	0	0	0	0	0	0	0	0	0	0	0	0	0
'Candidatus Nitrosopumilus sediminis'	50	0	50	0	0	0	50	0	0	0	0	0	0	0	0	0	0	0	0	0	0	0	0	0	0	0	50	0	0	0	0	0	0	0	0	0	0	0	0	0	50	50	0	0	0	0	0	0	0	0	0
'Caldisphaera lagunensis'	50	50	50	0	0	0	0	50	50	0	0	0	0	0	0	0	0	0	50	0	0	0	0	0	0	0	0	0	0	0	0	0	0	0	0	0	0	0	0	0	0	0	0	0	0	0	0	0	0	0	0
'Natronobacterium gregoryi'	50	50	50	50	0	0	0	50	50	50	0	0	0	0	0	0	0	0	0	50	0	0	0	0	0	0	0	0	0	0	0	0	0	0	0	0	0	0	0	0	0	0	0	0	0	0	0	0	0	0	0
'Methanoregula formicica'	50	50	50	50	50	0	50	50	50	50	0	0	0	0	0	50	0	0	50	0	0	0	0	0	50	0	0	0	0	0	0	0	0	0	0	0	0	0	0	0	0	0	50	0	0	0	0	0	0	0	0
'Aciduliprofundum'	50	50	0	0	50	0	50	50	0	50	50	0	50	0	0	0	0	0	0	0	0	0	0	0	0	0	0	0	0	0	0	0	0	0	0	0	0	0	0	0	0	0	0	50	0	0	0	0	0	0	0
'Halovivax ruber'	50	50	50	50	0	0	0	50	0	50	0	0	0	0	0	0	0	0	0	0	0	0	0	0	0	0	0	0	0	0	0	0	0	0	0	0	0	0	0	0	0	0	0	0	50	0	0	0	0	0	0
'Natrinema pellirubrum'	50	50	50	50	0	0	0	50	50	50	0	0	0	0	0	0	0	0	0	0	0	0	0	0	0	0	0	0	0	0	0	0	0	0	0	0	0	0	0	0	0	0	0	0	0	0	0	0	0	0	0
'Natronococcus occultus SP4'	50	50	0	50	0	0	0	50	50	50	0	0	0	0	0	0	0	0	0	0	0	0	0	0	0	0	0	0	0	0	0	0	0	0	0	0	0	0	0	0	0	0	0	0	0	0	0	0	0	0	0
'Halobiforma lacisalsi AJ5'	50	50	50	50	0	0	0	50	50	50	0	0	0	0	0	0	0	0	0	0	0	0	0	0	0	0	0	0	0	0	0	0	0	0	0	0	0	0	0	0	0	0	0	0	0	0	0	0	0	0	0
'Natronomonas moolapensis'	50	50	50	50	0	0	0	50	50	50	0	0	0	0	0	50	0	0	0	50	0	0	0	0	50	0	0	0	0	0	0	0	0	0	0	0	0	0	0	0	0	0	0	0	0	0	0	0	0	0	0
'Thermoplasmatales archaeon'	50	50	0	0	0	0	50	50	0	50	0	0	0	0	0	0	0	0	0	0	0	0	0	0	0	0	0	0	0	0	0	0	0	0	0	0	0	0	0	0	0	0	0	0	0	0	0	0	0	0	0
'Methanomethylophilus alvus'	50	50	0	0	0	0	50	50	0	50	0	0	50	0	0	0	0	0	0	0	50	0	0	0	0	0	0	0	0	0	0	0	0	0	0	0	0	0	0	0	0	0	0	0	0	0	0	0	0	0	0
'Archaeoglobus sulfaticallidus PM70-1'	50	50	50	0	50	50	0	0	50	50	50	0	0	0	0	0	0	0	50	0	0	0	0	0	0	0	0	0	0	0	0	0	0	0	0	0	0	0	0	0	0	0	0	0	0	0	0	0	0	0	0
'Archaeoglobus fulgidus'	0	50	50	0	50	50	50	0	50	50	0	0	0	0	0	50	0	50	0	0	0	0	0	0	0	0	0	0	0	0	0	0	0	0	0	0	0	0	0	0	0	0	0	0	0	0	0	0	0	0	0
'Pyrococcus horikoshii'	50	50	50	50	50	0	0	50	50	50	0	0	0	0	50	50	0	50	0	0	0	50	0	0	0	0	0	50	0	0	0	0	0	0	0	0	0	0	50	0	0	0	0	0	0	0	0	0	0	0	0
'Pyrococcus furiosus'	50	50	50	50	50	0	0	50	50	50	0	0	0	0	50	50	0	50	0	0	0	0	0	0	0	0	0	0	0	0	0	0	0	0	0	0	0	0	0	0	0	0	0	0	0	0	0	0	0	0	0
'Saccharolobus solfataricus'	50	50	50	0	0	0	50	50	50	0	50	0	0	0	0	0	0	50	0	0	0	50	0	0	0	0	50	0	0	0	0	0	0	0	0	0	0	0	0	0	0	0	0	0	0	0	0	0	0	0	0
'Methanocella arvoryzae'	50	50	50	50	50	50	50	50	0	50	0	0	0	0	0	0	0	0	50	0	0	0	0	0	0	0	50	0	0	0	0	0	0	0	0	0	0	0	0	0	0	0	0	0	0	50	0	0	0	0	0
'Haloquadratum walsbyi'	50	50	50	50	0	0	0	50	50	50	0	0	0	50	0	0	0	0	0	0	0	0	0	0	50	0	0	0	0	0	0	0	0	0	0	0	0	0	0	0	0	0	0	0	0	0	0	0	0	0	0
'Methanospirillum hungatei JF-1'	50	50	50	50	0	0	50	0	0	50	0	50	0	0	0	0	50	0	50	0	0	0	0	0	0	0	50	0	0	0	0	0	0	0	0	0	0	0	0	0	0	0	0	0	0	0	0	0	0	0	0
'Methanosphaera stadtmanae'	50	50	50	50	50	0	50	0	0	50	0	0	0	0	0	0	0	0	0	0	50	0	0	0	0	0	0	0	0	0	0	0	0	0	0	0	0	0	0	0	0	0	0	0	0	0	0	0	0	0	0
'Methanosarcina barkeri'	50	50	50	50	50	0	50	50	50	50	0	50	50	0	0	0	0	50	50	0	0	0	0	0	0	0	0	0	0	0	0	0	0	0	0	0	0	0	0	0	0	0	0	0	0	0	50	50	0	0	0
'Sulfolobus acidocaldarius'	50	50	50	0	0	0	50	50	50	0	0	0	0	0	0	0	0	0	0	0	0	0	0	0	0	0	0	0	0	0	0	0	0	0	0	0	0	0	0	0	0	0	0	0	0	0	0	0	0	0	0
'Methanocaldococcus jannaschii'	0	50	50	50	50	0	50	0	0	50	50	0	0	0	0	0	0	50	0	0	0	0	0	0	0	0	0	0	0	0	0	0	0	50	0	0	0	0	0	0	0	0	0	0	0	0	0	0	0	0	0
'Thermococcus kodakarensis'	50	50	50	50	50	0	50	50	0	50	50	0	0	0	50	0	0	50	0	0	0	0	0	0	0	0	0	50	0	0	0	0	0	50	0	0	0	0	0	0	0	0	0	0	0	0	0	0	0	0	0
'Haloarcula marismortui'	50	50	0	50	0	0	0	50	50	50	0	0	0	0	0	0	0	0	0	0	0	0	0	0	0	0	0	0	0	0	0	0	0	0	0	0	0	0	0	0	0	0	0	0	0	0	0	0	0	0	0
'Picrophilus torridus'	50	50	0	0	0	0	50	0	50	0	0	0	0	0	0	0	0	0	0	0	0	0	0	0	0	0	0	0	0	0	0	0	0	0	0	0	0	0	0	0	0	0	0	0	0	0	0	0	0	0	0
'Methanosarcina mazei'	50	50	50	50	50	0	50	50	50	50	0	50	50	0	0	0	0	0	50	0	0	0	0	0	0	0	50	0	0	0	0	0	0	0	0	0	0	0	0	0	0	0	0	0	0	0	50	50	0	0	0
'Pyrobaculum aerophilum'	50	50	50	0	0	0	0	50	50	0	0	0	0	0	50	0	0	50	0	0	0	0	0	0	0	0	0	0	0	0	0	0	0	0	0	0	0	0	0	0	0	0	0	0	0	0	0	0	0	0	0
'Thermoplasma volcanium'	50	50	0	0	0	0	50	50	50	50	0	0	0	0	0	0	0	0	0	50	0	0	0	0	0	0	0	0	0	0	0	0	0	0	0	0	0	0	0	0	0	0	0	0	0	0	0	0	50	0	0
'Thermoplasma acidophilum'	50	50	0	0	0	0	50	50	50	50	0	0	0	0	0	0	0	0	0	0	0	0	0	0	0	0	0	0	0	0	0	0	0	0	0	0	0	0	0	0	0	0	0	0	0	0	0	0	0	0	0
'Pyrococcus abyssi'	50	50	50	50	0	0	0	50	50	50	0	0	0	0	50	50	0	50	0	0	0	0	0	0	0	0	0	0	0	0	0	0	0	0	0	0	0	0	0	0	0	0	0	0	0	0	0	0	0	0	0
'Aeropyrum pernix'	50	50	0	0	0	0	0	50	50	0	50	0	0	0	0	50	0	50	50	0	0	0	0	0	0	0	0	0	0	0	0	0	0	0	0	0	0	0	0	0	0	0	0	0	0	0	0	0	0	0	0
'Salinarchaeum'	50	50	50	50	0	0	0	50	0	50	0	0	0	0	0	50	0	0	0	0	0	0	0	0	0	0	0	0	0	0	0	0	0	0	0	0	0	0	0	0	0	0	0	0	0	0	0	0	0	0	0
'Methanobrevibacter'	50	50	50	0	50	0	50	50	0	50	0	0	0	0	0	0	0	0	0	0	50	0	0	0	0	0	0	0	0	0	0	50	0	0	0	0	0	0	0	0	0	0	0	0	0	0	0	0	50	50	0
'Thermofilum adornatum'	50	50	50	0	0	0	0	50	0	0	50	0	0	0	50	50	0	50	0	0	0	0	0	0	0	0	0	0	0	0	0	0	0	0	0	0	0	0	0	0	0	0	0	0	0	0	0	0	0	0	50
'Aeropyrum camini SY1 = JCM 12091'	50	50	50	0	0	0	0	50	50	0	50	0	0	0	0	0	0	50	50	0	0	50	0	0	0	0	0	0	0	0	0	0	0	0	0	0	0	0	0	0	0	0	0	0	0	0	0	0	0	0	0
'Halostagnicola larsenii XH-48'	50	50	50	50	0	0	0	50	0	50	0	0	0	0	0	0	0	0	0	0	0	0	0	0	0	0	0	0	0	0	0	0	0	0	0	0	0	0	0	0	0	0	0	0	0	0	0	0	0	0	0
'Thermococcus nautili'	50	50	0	50	50	0	50	50	50	50	0	0	0	0	0	0	0	0	0	0	0	0	0	0	0	0	0	0	0	0	0	0	0	0	0	0	0	0	0	0	0	0	0	0	0	0	0	0	0	0	0
