DATASET_EXTERNALSHAPE
SEPARATOR TAB
DATASET_LABEL	Annotation
COLOR	#ff0000
FIELD_COLORS	rgb(34,64,201)	rgb(253,158,173)	rgb(160,228,100)	rgb(183,223,44)	rgb(112,174,171)	rgb(197,134,58)	rgb(134,175,71)	rgb(146,77,47)	rgb(205,135,83)	rgb(83,18,2)	rgb(44,21,138)	rgb(66,239,136)	rgb(95,109,90)	rgb(250,150,119)	rgb(219,53,83)	rgb(211,247,206)	rgb(207,66,155)	rgb(176,211,50)	rgb(35,100,69)	rgb(159,22,250)	rgb(147,79,92)	rgb(144,62,51)	rgb(130,26,160)	rgb(210,124,47)	rgb(29,48,147)	rgb(85,194,155)	rgb(174,41,236)	rgb(153,136,45)	rgb(76,239,126)	rgb(135,15,125)	rgb(106,176,91)	rgb(9,153,57)	rgb(103,85,1)	rgb(148,140,4)	rgb(179,109,232)	rgb(55,79,220)	rgb(225,142,190)	rgb(231,117,101)	rgb(55,69,209)	rgb(186,45,211)	rgb(162,177,182)	rgb(214,118,126)	rgb(26,214,193)	rgb(169,73,118)	rgb(239,19,246)	rgb(192,181,187)	rgb(89,220,169)	rgb(11,122,140)	rgb(106,190,211)	rgb(203,131,39)	rgb(241,188,205)	rgb(178,109,150)	rgb(142,64,174)	rgb(139,115,213)	rgb(221,189,226)	rgb(189,162,206)	rgb(201,129,225)	rgb(48,7,209)	rgb(213,92,124)	rgb(54,226,69)	rgb(37,66,201)	rgb(80,40,57)	rgb(239,153,18)	rgb(131,63,87)	rgb(34,94,55)	rgb(183,18,110)	rgb(170,2,97)	rgb(44,251,93)	rgb(114,136,185)	rgb(240,54,180)	rgb(225,58,3)	rgb(237,205,178)	rgb(115,252,209)	rgb(11,128,223)	rgb(203,214,18)	rgb(17,166,96)	rgb(67,117,108)	rgb(223,126,155)	rgb(72,124,227)	rgb(71,227,23)	rgb(7,183,106)	rgb(165,36,78)	rgb(155,33,83)	rgb(26,145,174)	rgb(67,178,153)	rgb(64,206,165)
FIELD_LABELS	arCOG00553	arCOG00557	arCOG00555	arCOG00554	arCOG01445	arCOG00558	arCOG00770	arCOG00874	arCOG00872	arCOG01526	arCOG00880	arCOG00876	arCOG00871	arCOG01444	arCOG00560	arCOG00877	COG1061	COG0513	arCOG04748	COG0556	COG1201	COG1204	COG1205	COG1203	2XSV4	2XTPR	arCOG03042	2XTWI	23NTC	2XTBV	COG1111	23NVS	2XSTH	arCOG03143	COG1202	2XUS4	243RC	2Y8EB	arCOG04818	COG0553	243HG	242QB	2XVU4	COG1110	242PV	2XTYQ	2439N	24373	2XUCK	242TM	243CX	24372	243PF	2XTH2	COG1199	arCOG00883	23SJE	23S7C	2XTDD	23S0J	23SJ7	2XTQ1	23T74	23S50	23SI2	23SY6	2XPUH	2N99K	2N92E	2N9AX	2N91F	2N9EH	2XW8W	COG0514	2N96V	arCOG04743	2N9A8	2N90P	2NAF4	2XTM8	COG4096	COG0457	2XPNI	2XQ43	2XQ1C	2435Q
LEGEND_TITLE	Legend
LEGEND_POSITION_X	100
LEGEND_POSITION_Y	100
LEGEND_SHAPES	1	1	1	1	1	1	1	1	1	1	1	1	1	1	1	1	1	1	1	1	1	1	1	1	1	1	1	1	1	1	1	1	1	1	1	1	1	1	1	1	1	1	1	1	1	1	1	1	1	1	1	1	1	1	1	1	1	1	1	1	1	1	1	1	1	1	1	1	1	1	1	1	1	1	1	1	1	1	1	1	1	1	1	1	1	1
LEGEND_COLORS	rgb(34,64,201)	rgb(253,158,173)	rgb(160,228,100)	rgb(183,223,44)	rgb(112,174,171)	rgb(197,134,58)	rgb(134,175,71)	rgb(146,77,47)	rgb(205,135,83)	rgb(83,18,2)	rgb(44,21,138)	rgb(66,239,136)	rgb(95,109,90)	rgb(250,150,119)	rgb(219,53,83)	rgb(211,247,206)	rgb(207,66,155)	rgb(176,211,50)	rgb(35,100,69)	rgb(159,22,250)	rgb(147,79,92)	rgb(144,62,51)	rgb(130,26,160)	rgb(210,124,47)	rgb(29,48,147)	rgb(85,194,155)	rgb(174,41,236)	rgb(153,136,45)	rgb(76,239,126)	rgb(135,15,125)	rgb(106,176,91)	rgb(9,153,57)	rgb(103,85,1)	rgb(148,140,4)	rgb(179,109,232)	rgb(55,79,220)	rgb(225,142,190)	rgb(231,117,101)	rgb(55,69,209)	rgb(186,45,211)	rgb(162,177,182)	rgb(214,118,126)	rgb(26,214,193)	rgb(169,73,118)	rgb(239,19,246)	rgb(192,181,187)	rgb(89,220,169)	rgb(11,122,140)	rgb(106,190,211)	rgb(203,131,39)	rgb(241,188,205)	rgb(178,109,150)	rgb(142,64,174)	rgb(139,115,213)	rgb(221,189,226)	rgb(189,162,206)	rgb(201,129,225)	rgb(48,7,209)	rgb(213,92,124)	rgb(54,226,69)	rgb(37,66,201)	rgb(80,40,57)	rgb(239,153,18)	rgb(131,63,87)	rgb(34,94,55)	rgb(183,18,110)	rgb(170,2,97)	rgb(44,251,93)	rgb(114,136,185)	rgb(240,54,180)	rgb(225,58,3)	rgb(237,205,178)	rgb(115,252,209)	rgb(11,128,223)	rgb(203,214,18)	rgb(17,166,96)	rgb(67,117,108)	rgb(223,126,155)	rgb(72,124,227)	rgb(71,227,23)	rgb(7,183,106)	rgb(165,36,78)	rgb(155,33,83)	rgb(26,145,174)	rgb(67,178,153)	rgb(64,206,165)
LEGEND_LABELS	arCOG00553	arCOG00557	arCOG00555	arCOG00554	arCOG01445	arCOG00558	arCOG00770	arCOG00874	arCOG00872	arCOG01526	arCOG00880	arCOG00876	arCOG00871	arCOG01444	arCOG00560	arCOG00877	COG1061	COG0513	arCOG04748	COG0556	COG1201	COG1204	COG1205	COG1203	2XSV4	2XTPR	arCOG03042	2XTWI	23NTC	2XTBV	COG1111	23NVS	2XSTH	arCOG03143	COG1202	2XUS4	243RC	2Y8EB	arCOG04818	COG0553	243HG	242QB	2XVU4	COG1110	242PV	2XTYQ	2439N	24373	2XUCK	242TM	243CX	24372	243PF	2XTH2	COG1199	arCOG00883	23SJE	23S7C	2XTDD	23S0J	23SJ7	2XTQ1	23T74	23S50	23SI2	23SY6	2XPUH	2N99K	2N92E	2N9AX	2N91F	2N9EH	2XW8W	COG0514	2N96V	arCOG04743	2N9A8	2N90P	2NAF4	2XTM8	COG4096	COG0457	2XPNI	2XQ43	2XQ1C	2435Q
LEGEND_SHAPE_SCALES	1	1	1	1	1	1	1	1	1	1	1	1	1	1	1	1	1	1	1	1	1	1	1	1	1	1	1	1	1	1	1	1	1	1	1	1	1	1	1	1	1	1	1	1	1	1	1	1	1	1	1	1	1	1	1	1	1	1	1	1	1	1	1	1	1	1	1	1	1	1	1	1	1	1	1	1	1	1	1	1	1	1	1	1	1	1
DATA
'Palaeococcus pacificus DY20341'	50	50	50	50	50	50	50	50	50	50	0	0	0	0	0	0	0	0	0	0	0	0	0	0	0	0	0	0	0	0	0	0	0	0	0	0	0	0	0	0	0	0	0	0	0	0	0	0	0	0	0	0	0	0	0	0	0	0	0	0	0	0	0	0	0	0	0	0	0	0	0	0	0	0	0	0	0	0	0	0	0	0	0	0	0	0
'Candidatus Nitrososphaera evergladensis SR1'	50	50	50	0	50	50	0	50	0	0	50	0	0	0	0	0	0	0	0	0	0	0	0	0	0	0	0	0	0	0	0	0	0	0	0	0	0	0	0	0	0	0	0	0	0	0	0	0	0	0	0	0	0	0	0	0	0	0	0	0	0	0	0	0	0	0	0	0	0	0	0	0	0	0	0	0	0	0	0	0	0	0	0	0	0	0
'Geoglobus acetivorans'	50	50	50	0	50	0	0	0	50	0	0	0	0	0	0	0	0	0	0	0	0	0	0	0	0	0	0	0	0	0	0	0	0	0	0	0	0	0	0	0	0	0	0	0	0	0	0	0	0	0	0	0	0	0	0	0	0	0	0	0	0	0	0	0	0	0	0	0	0	0	0	0	0	0	0	0	0	0	0	0	0	0	0	0	0	0
'Natronomonas pharaonis'	50	50	50	50	0	0	50	50	50	0	0	0	0	0	0	0	0	0	0	0	0	0	0	0	0	0	0	0	0	0	0	0	0	0	0	0	0	0	0	0	0	0	0	0	0	0	0	0	0	0	0	0	0	0	0	0	0	0	0	0	0	0	0	0	0	0	0	0	0	0	0	0	0	0	0	0	0	0	0	0	0	0	0	0	0	0
'Pyrobaculum islandicum'	50	50	50	0	0	0	50	50	0	50	0	50	0	0	0	0	0	0	0	0	0	0	0	0	0	0	0	0	0	0	0	0	0	0	0	0	0	0	0	0	0	0	0	0	0	0	0	0	0	0	0	0	0	0	0	0	0	0	0	0	0	0	0	0	0	0	0	0	0	0	0	0	0	0	0	0	0	0	0	0	0	0	0	0	0	0
'Thermofilum pendens'	50	50	50	0	0	0	50	50	0	50	0	50	50	50	0	0	0	0	0	0	0	0	0	0	0	0	0	0	0	0	0	0	0	0	0	0	0	0	0	0	0	0	0	0	0	0	0	0	0	0	0	0	0	0	0	0	0	0	0	0	0	0	0	0	0	0	0	0	0	0	0	0	0	0	0	0	0	0	0	0	0	0	0	0	0	0
'Hyperthermus butylicus'	0	50	50	0	0	0	50	50	0	50	0	0	0	0	0	0	0	0	0	0	0	0	0	0	0	0	0	0	0	0	0	0	0	0	0	0	0	0	0	0	0	0	0	0	0	0	0	0	0	0	0	0	0	0	0	0	0	0	0	0	0	0	0	0	0	0	0	0	0	0	0	0	0	0	0	0	0	0	0	0	0	0	0	0	0	0
'Methanocorpusculum labreanum'	50	50	50	50	50	50	50	0	50	0	0	0	50	0	50	0	0	0	0	0	0	0	0	0	0	0	0	0	0	0	0	0	0	0	0	0	0	0	0	0	0	0	0	0	0	0	0	0	0	0	0	0	0	0	0	0	0	0	0	0	0	0	0	0	0	0	0	0	0	0	0	0	0	0	0	0	0	0	0	0	0	0	0	0	0	0
'Methanoculleus marisnigri'	50	50	0	50	0	50	50	0	50	0	50	0	0	0	50	0	0	0	0	0	0	0	0	0	0	0	0	0	0	0	0	0	0	0	0	0	0	0	0	0	0	0	0	0	0	0	0	0	0	0	0	0	0	0	0	0	0	0	0	0	0	0	0	0	0	0	0	0	0	0	0	0	0	0	0	0	0	0	0	0	0	0	0	0	0	0
'Staphylothermus marinus'	50	50	50	0	0	0	0	0	0	50	0	0	0	0	0	50	0	0	0	0	0	0	0	0	0	0	0	0	0	0	0	0	0	0	0	0	0	0	0	0	0	0	0	0	0	0	0	0	0	0	0	0	0	0	0	0	0	0	0	0	0	0	0	0	0	0	0	0	0	0	0	0	0	0	0	0	0	0	0	0	0	0	0	0	0	0
'Pyrobaculum calidifontis'	50	50	50	0	0	0	50	50	0	50	0	50	50	50	0	0	0	0	0	0	0	0	0	0	0	0	0	0	0	0	0	0	0	0	0	0	0	0	0	0	0	0	0	0	0	0	0	0	0	0	0	0	0	0	0	0	0	0	0	0	0	0	0	0	0	0	0	0	0	0	0	0	0	0	0	0	0	0	0	0	0	0	0	0	0	0
'Methanococcus maripaludis'	50	50	50	50	50	50	0	0	50	0	50	0	0	0	0	0	0	0	0	0	0	0	0	0	0	0	0	0	0	0	0	0	0	0	0	0	0	0	0	0	0	0	0	0	0	0	0	0	0	0	0	0	0	0	0	0	0	0	0	0	0	0	0	0	0	0	0	0	0	0	0	0	0	0	0	0	0	0	0	0	0	0	0	0	0	0
'Metallosphaera sedula'	50	50	50	0	0	50	50	50	0	50	0	0	0	50	0	50	0	0	0	0	0	0	0	0	0	0	0	0	0	0	0	0	0	0	0	0	0	0	0	0	0	0	0	0	0	0	0	0	0	0	0	0	0	0	0	0	0	0	0	0	0	0	0	0	0	0	0	0	0	0	0	0	0	0	0	0	0	0	0	0	0	0	0	0	0	0
'Methanobrevibacter smithii'	50	50	50	50	50	50	0	50	50	0	0	0	0	0	0	0	0	0	0	0	0	0	0	0	0	0	0	0	0	0	0	0	0	0	0	0	0	0	0	0	0	0	0	0	0	0	0	0	0	0	0	0	0	0	0	0	0	0	0	0	0	0	0	0	0	0	0	0	0	0	0	0	0	0	0	0	0	0	0	0	0	0	0	0	0	0
'Methanococcus vannielii'	50	50	0	50	50	50	0	0	50	0	0	0	50	0	0	0	0	0	0	0	0	0	0	0	0	0	0	0	0	0	0	0	0	0	0	0	0	0	0	0	0	0	0	0	0	0	0	0	0	0	0	0	0	0	0	0	0	0	0	0	0	0	0	0	0	0	0	0	0	0	0	0	0	0	0	0	0	0	0	0	0	0	0	0	0	0
'Methanococcus aeolicus'	50	0	0	50	50	50	0	0	50	0	0	0	0	0	0	0	0	0	0	0	0	0	0	0	0	0	0	0	0	0	0	0	0	0	0	0	0	0	0	0	0	0	0	0	0	0	0	0	0	0	0	0	0	0	0	0	0	0	0	0	0	0	0	0	0	0	0	0	0	0	0	0	0	0	0	0	0	0	0	0	0	0	0	0	0	0
'Methanoregula boonei'	50	50	50	50	0	50	50	50	50	0	0	0	0	0	50	0	0	0	0	0	0	0	0	0	0	0	0	0	0	0	0	0	0	0	0	0	0	0	0	0	0	0	0	0	0	0	0	0	0	0	0	0	0	0	0	0	0	0	0	0	0	0	0	0	0	0	0	0	0	0	0	0	0	0	0	0	0	0	0	0	0	0	0	0	0	0
'Ignicoccus hospitalis'	50	50	50	0	0	0	50	50	0	50	0	0	0	50	0	50	0	0	0	0	0	0	0	0	0	0	0	0	0	0	0	0	0	0	0	0	0	0	0	0	0	0	0	0	0	0	0	0	0	0	0	0	0	0	0	0	0	0	0	0	0	0	0	0	0	0	0	0	0	0	0	0	0	0	0	0	0	0	0	0	0	0	0	0	0	0
'Caldivirga maquilingensis'	50	50	50	0	0	50	50	0	0	50	0	50	0	50	0	0	0	0	0	0	0	0	0	0	0	0	0	0	0	0	0	0	0	0	0	0	0	0	0	0	0	0	0	0	0	0	0	0	0	0	0	0	0	0	0	0	0	0	0	0	0	0	0	0	0	0	0	0	0	0	0	0	0	0	0	0	0	0	0	0	0	0	0	0	0	0
'Nitrosopumilus maritimus'	50	50	50	0	0	50	0	0	50	0	0	0	0	0	0	0	0	0	0	0	0	0	0	0	0	0	0	0	0	0	0	0	0	0	0	0	0	0	0	0	0	0	0	0	0	0	0	0	0	0	0	0	0	0	0	0	0	0	0	0	0	0	0	0	0	0	0	0	0	0	0	0	0	0	0	0	0	0	0	0	0	0	0	0	0	0
'Candidatus Korarchaeum cryptofilum'	50	50	50	0	0	0	50	50	0	0	0	0	50	50	50	0	0	0	0	0	0	0	0	0	0	0	0	0	0	0	0	0	0	0	0	0	0	0	0	0	0	0	0	0	0	0	0	0	0	0	0	0	0	0	0	0	0	0	0	0	0	0	0	0	0	0	0	0	0	0	0	0	0	0	0	0	0	0	0	0	0	0	0	0	0	0
'Pyrobaculum neutrophilum'	50	50	50	0	0	0	50	50	0	0	0	50	0	50	0	0	0	0	0	0	0	0	0	0	0	0	0	0	0	0	0	0	0	0	0	0	0	0	0	0	0	0	0	0	0	0	0	0	0	0	0	0	0	0	0	0	0	0	0	0	0	0	0	0	0	0	0	0	0	0	0	0	0	0	0	0	0	0	0	0	0	0	0	0	0	0
'Aciduliprofundum boonei'	50	50	0	0	0	50	50	0	50	50	0	0	0	0	0	0	0	0	0	0	50	0	0	0	0	0	0	0	0	50	50	0	50	0	0	0	0	0	0	0	0	0	0	0	0	0	0	0	0	0	0	0	0	0	0	0	0	0	0	0	0	0	0	0	0	0	0	0	0	0	0	0	0	0	0	0	0	0	0	0	0	0	0	0	0	0
'Thermococcus onnurineus'	50	50	50	50	0	50	50	0	50	50	0	50	0	0	0	0	0	0	0	0	0	0	0	0	0	0	0	0	0	0	0	0	0	0	0	0	0	0	0	0	0	0	0	0	0	0	0	0	0	0	0	0	0	0	0	0	0	0	0	0	0	0	0	0	0	0	0	0	0	0	0	0	0	0	0	0	0	0	0	0	0	0	0	0	0	0
'Desulfurococcus amylolyticus'	50	50	50	0	0	0	0	0	0	50	0	0	0	50	0	0	0	0	0	0	0	0	0	0	0	0	0	0	0	0	0	0	0	0	0	0	0	0	0	0	0	0	0	0	0	0	0	0	0	0	0	0	0	0	0	0	0	0	0	0	0	0	0	0	0	0	0	0	0	0	0	0	0	0	0	0	0	0	0	0	0	0	0	0	0	0
'Methanosphaerula palustris'	50	50	50	50	0	50	50	50	50	0	0	0	0	0	50	0	0	0	0	0	0	0	0	0	0	0	0	0	0	0	0	0	0	0	0	0	0	0	0	0	0	0	0	0	0	0	0	0	0	0	0	0	0	0	0	0	0	0	0	0	0	0	0	0	0	0	0	0	0	0	0	0	0	0	0	0	0	0	0	0	0	0	0	0	0	0
'Halorubrum lacusprofundi'	50	50	50	50	0	0	50	50	50	0	0	0	50	0	0	0	0	0	0	0	0	0	0	0	0	0	0	0	0	0	0	0	0	0	0	0	0	0	0	0	0	0	0	0	0	0	0	0	0	0	0	0	0	0	0	0	0	0	0	0	0	0	0	0	0	0	0	0	0	0	0	0	0	0	0	0	0	0	0	0	0	0	0	0	0	0
'Thermococcus gammatolerans'	50	50	0	50	0	50	50	50	50	50	0	0	50	50	0	0	0	0	0	0	0	0	0	0	0	0	0	0	0	0	0	0	0	0	0	0	0	0	0	0	0	0	0	0	0	0	0	0	0	0	0	0	0	0	0	0	0	0	0	0	0	0	0	0	0	0	0	0	0	0	0	0	0	0	0	0	0	0	0	0	0	0	0	0	0	0
'Thermococcus sibiricus'	50	50	50	50	50	50	50	50	50	50	50	0	0	0	0	0	0	0	0	0	0	0	0	0	0	0	0	0	0	0	0	0	0	0	0	0	0	0	0	0	0	0	0	0	0	0	0	0	0	0	0	0	0	0	0	0	0	0	0	0	0	0	0	0	0	0	0	0	0	0	0	0	0	0	0	0	0	0	0	0	0	0	0	0	0	0
'Halorhabdus utahensis'	50	50	50	50	0	0	50	50	50	0	0	0	50	0	0	0	0	0	0	0	0	0	0	0	0	0	0	0	0	0	0	0	0	0	0	0	0	0	0	0	0	0	0	0	0	0	0	0	0	0	0	0	0	0	0	0	0	0	0	0	0	0	0	0	0	0	0	0	0	0	0	0	0	0	0	0	0	0	0	0	0	0	0	0	0	0
'Halomicrobium mukohataei'	50	50	50	50	50	0	50	0	50	0	0	0	0	0	0	0	0	0	0	0	0	0	0	0	0	0	0	0	0	0	0	0	0	0	0	0	0	0	0	0	0	0	0	0	0	0	0	0	0	0	0	0	0	0	0	0	0	0	0	0	0	0	0	0	0	0	0	0	0	0	0	0	0	0	0	0	0	0	0	0	0	0	0	0	0	0
'Methanocaldococcus fervens'	50	50	50	50	50	50	0	0	50	50	50	0	0	50	0	0	0	0	0	0	0	0	0	0	0	0	0	0	0	0	0	0	0	0	0	0	0	0	0	0	0	0	0	0	0	0	0	0	0	0	0	0	0	0	0	0	0	0	0	0	0	0	0	0	0	0	0	0	0	0	0	0	0	0	0	0	0	0	0	0	0	0	0	0	0	0
'Methanocaldococcus vulcanius'	50	50	0	50	0	50	0	0	50	50	0	0	50	0	0	0	0	0	0	0	0	0	0	0	0	0	0	0	0	0	0	0	0	0	0	0	0	0	0	0	0	0	0	0	0	0	0	0	0	0	0	0	0	0	0	0	0	0	0	0	0	0	0	0	0	0	0	0	0	0	0	0	0	0	0	0	0	0	0	0	0	0	0	0	0	0
'Methanocella paludicola'	50	50	50	50	0	50	50	50	50	0	0	0	0	0	50	0	0	0	0	0	0	0	0	0	0	0	0	0	0	0	0	0	0	0	0	0	0	0	0	0	0	0	0	0	0	0	0	0	0	0	0	0	0	0	0	0	0	0	0	0	0	0	0	0	0	0	0	0	0	0	0	0	0	0	0	0	0	0	0	0	0	0	0	0	0	0
'Archaeoglobus profundus'	0	50	50	0	0	0	0	0	50	50	0	0	0	0	0	50	0	0	0	0	0	0	0	0	0	0	0	0	0	0	0	0	0	0	0	0	0	0	0	0	0	0	0	0	0	0	0	0	0	0	0	0	0	0	0	0	0	0	0	0	0	0	0	0	0	0	0	0	0	0	0	0	0	0	0	0	0	0	0	0	0	0	0	0	0	0
'Haloterrigena turkmenica'	50	50	50	50	0	0	50	50	50	0	0	0	0	0	0	0	0	0	0	0	0	0	0	0	0	0	0	0	0	0	0	0	0	0	0	0	0	0	0	0	0	0	0	0	0	0	0	0	0	0	0	0	0	0	0	0	0	0	0	0	0	0	0	0	0	0	0	0	0	0	0	0	0	0	0	0	0	0	0	0	0	0	0	0	0	0
'Methanobrevibacter ruminantium'	50	50	50	50	50	0	0	0	50	0	0	0	0	0	0	0	0	0	0	0	0	0	0	0	0	0	0	0	0	0	0	0	0	0	0	0	0	0	0	0	0	0	0	0	0	0	0	0	0	0	0	0	0	0	0	0	0	0	0	0	0	0	0	0	0	0	0	0	0	0	0	0	0	0	0	0	0	0	0	0	0	0	0	0	0	0
'Ferroglobus placidus'	50	50	50	0	0	0	0	0	50	50	0	0	0	50	0	0	0	0	0	0	0	0	0	0	0	0	0	0	0	0	0	0	0	0	0	0	0	0	0	0	0	0	0	0	0	0	0	0	0	0	0	0	0	0	0	0	0	0	0	0	0	0	0	0	0	0	0	0	0	0	0	0	0	0	0	0	0	0	0	0	0	0	0	0	0	0
'Methanocaldococcus'	50	50	50	50	50	50	0	0	50	50	0	0	0	50	0	0	0	0	0	0	0	0	0	0	0	0	0	0	0	0	0	0	0	0	0	0	0	0	0	0	0	0	0	0	0	0	0	0	0	0	0	0	0	0	0	0	0	0	0	0	0	0	0	0	0	0	0	0	0	0	0	0	0	0	0	0	0	0	0	0	0	0	0	0	0	0
'Natrialba magadii'	50	50	50	50	0	0	50	50	50	0	0	0	50	0	0	0	0	0	0	0	0	0	0	0	0	0	0	0	0	0	0	0	0	0	0	0	0	0	0	0	0	0	0	0	0	0	0	0	0	0	0	0	0	0	0	0	0	0	0	0	0	0	0	0	0	0	0	0	0	0	0	0	0	0	0	0	0	0	0	0	0	0	0	0	0	0
'Haloferax volcanii'	50	50	50	50	0	0	50	50	50	0	50	0	0	0	0	0	0	0	0	0	0	0	0	0	0	0	0	0	0	0	0	0	0	0	0	0	0	0	0	0	0	0	0	0	0	0	0	0	0	0	0	0	0	0	0	0	0	0	0	0	0	0	0	0	0	0	0	0	0	0	0	0	0	0	0	0	0	0	0	0	0	0	0	0	0	0
'Thermosphaera aggregans'	50	50	50	0	0	0	0	0	0	50	0	0	50	50	0	0	0	0	0	0	0	0	0	0	0	0	0	0	0	0	0	0	0	0	0	0	0	0	0	0	0	0	0	0	0	0	0	0	0	0	0	0	0	0	0	0	0	0	0	0	0	0	0	0	0	0	0	0	0	0	0	0	0	0	0	0	0	0	0	0	0	0	0	0	0	0
'Methanocaldococcus infernus'	50	50	50	50	50	50	0	0	50	50	0	0	0	0	0	0	0	0	0	0	0	0	0	0	0	0	0	0	0	0	0	0	0	0	0	0	0	0	0	0	0	0	0	0	0	0	0	0	0	0	0	0	0	0	0	0	0	0	0	0	0	0	0	0	0	0	0	0	0	0	0	0	0	0	0	0	0	0	0	0	0	0	0	0	0	0
'Staphylothermus hellenicus'	50	50	50	0	0	0	0	0	0	50	0	0	0	0	0	50	0	0	0	0	0	0	0	0	0	0	0	0	0	0	0	0	0	0	0	0	0	0	0	0	0	0	0	0	0	0	0	0	0	0	0	0	0	0	0	0	0	0	0	0	0	0	0	0	0	0	0	0	0	0	0	0	0	0	0	0	0	0	0	0	0	0	0	0	0	0
'Methanococcus voltae'	50	50	50	50	50	50	0	0	50	0	0	0	0	0	0	0	0	0	0	0	0	0	0	0	0	0	0	0	0	0	0	0	0	0	0	0	0	0	0	0	0	0	0	0	0	0	0	0	0	0	0	0	0	0	0	0	0	0	0	0	0	0	0	0	0	0	0	0	0	0	0	0	0	0	0	0	0	0	0	0	0	0	0	0	0	0
'Halalkalicoccus jeotgali'	50	50	0	50	0	0	50	50	50	0	0	0	0	0	0	0	0	0	0	0	0	0	0	0	0	0	0	0	0	0	0	0	0	0	0	0	0	0	0	0	0	0	0	0	0	0	0	0	0	0	0	0	0	0	0	0	0	0	0	0	0	0	0	0	0	0	0	0	0	0	0	0	0	0	0	0	0	0	0	0	0	0	0	0	0	0
'Acidilobus saccharovorans'	50	50	50	0	0	0	0	50	0	0	0	0	0	0	50	0	0	0	0	0	0	0	0	0	0	0	0	0	0	0	0	0	0	0	0	0	0	0	0	0	0	0	0	0	0	0	0	0	0	0	0	0	0	0	0	0	0	0	0	0	0	0	0	0	0	0	0	0	0	0	0	0	0	0	0	0	0	0	0	0	0	0	0	0	0	0
'Vulcanisaeta distributa'	50	50	50	0	0	0	50	0	0	50	0	50	0	50	0	0	0	0	0	0	0	0	0	0	0	0	0	0	0	0	0	0	0	0	0	0	0	0	0	0	0	0	0	0	0	0	0	0	0	0	0	0	0	0	0	0	0	0	0	0	0	0	0	0	0	0	0	0	0	0	0	0	0	0	0	0	0	0	0	0	0	0	0	0	0	0
'Methanolacinia petrolearia'	50	50	0	50	0	50	50	0	50	0	0	0	0	0	0	0	0	0	0	0	0	0	0	0	0	0	0	0	0	0	0	0	0	0	0	0	0	0	0	0	0	0	0	0	0	0	0	0	0	0	0	0	0	0	0	0	0	0	0	0	0	0	0	0	0	0	0	0	0	0	0	0	0	0	0	0	0	0	0	0	0	0	0	0	0	0
'Halogeometricum borinquense'	50	50	50	50	0	0	50	50	50	0	0	0	0	0	0	0	0	0	0	0	0	0	0	0	0	0	0	0	0	0	0	0	0	0	0	0	0	0	0	0	0	0	0	0	0	0	0	0	0	0	0	0	0	0	0	0	0	0	0	0	0	0	0	0	0	0	0	0	0	0	0	0	0	0	0	0	0	0	0	0	0	0	0	0	0	0
'Desulfurococcus mucosus'	50	50	50	0	0	0	0	0	0	50	0	0	0	50	0	0	0	0	0	0	0	0	0	0	0	0	0	0	0	0	0	0	0	0	0	0	0	0	0	0	0	0	0	0	0	0	0	0	0	0	0	0	0	0	0	0	0	0	0	0	0	0	0	0	0	0	0	0	0	0	0	0	0	0	0	0	0	0	0	0	0	0	0	0	0	0
'Thermococcus barophilus'	50	50	50	50	0	50	50	50	50	0	0	0	50	50	0	0	0	0	0	0	0	0	0	0	0	0	0	0	0	0	0	0	0	0	0	0	0	0	0	0	0	0	0	0	0	0	0	0	0	0	0	0	0	0	0	0	0	0	0	0	0	0	0	0	0	0	0	0	0	0	0	0	0	0	0	0	0	0	0	0	0	0	0	0	0	0
'Vulcanisaeta moutnovskia'	50	50	50	0	0	50	50	0	0	50	0	50	0	50	0	0	0	0	0	0	0	0	0	0	0	0	0	0	0	0	0	0	0	0	0	0	0	0	0	0	0	0	0	0	0	0	0	0	0	0	0	0	0	0	0	0	0	0	0	0	0	0	0	0	0	0	0	0	0	0	0	0	0	0	0	0	0	0	0	0	0	0	0	0	0	0
'Methanobacterium lacus'	50	50	0	50	0	50	0	0	50	0	50	0	0	0	0	0	0	0	0	0	0	0	0	0	0	0	0	0	0	0	0	0	0	0	0	0	0	0	0	0	0	0	0	0	0	0	0	0	0	0	0	0	0	0	0	0	0	0	0	0	0	0	0	0	0	0	0	0	0	0	0	0	0	0	0	0	0	0	0	0	0	0	0	0	0	0
'Archaeoglobus veneficus'	50	50	50	0	50	50	0	0	50	50	0	0	0	0	0	0	0	0	0	0	0	0	0	0	0	0	0	0	0	0	0	0	0	0	0	0	0	0	0	0	0	0	0	0	0	0	0	0	0	0	0	0	0	0	0	0	0	0	0	0	0	0	0	0	0	0	0	0	0	0	0	0	0	0	0	0	0	0	0	0	0	0	0	0	0	0
'Thermoproteus uzoniensis'	50	50	50	0	0	0	50	50	0	0	0	50	50	0	0	0	0	0	0	0	0	0	0	0	0	0	0	0	0	0	0	0	0	0	0	0	0	0	0	0	0	0	0	0	0	0	0	0	0	0	0	0	0	0	0	0	0	0	0	0	0	0	0	0	0	0	0	0	0	0	0	0	0	0	0	0	0	0	0	0	0	0	0	0	0	0
'Acidianus hospitalis'	50	50	50	0	0	50	0	50	0	50	0	0	0	50	0	50	0	0	0	0	0	0	0	0	0	0	0	0	0	0	0	0	0	0	0	0	0	0	0	0	0	0	0	0	0	0	0	0	0	0	0	0	0	0	0	0	0	0	0	0	0	0	0	0	0	0	0	0	0	0	0	0	0	0	0	0	0	0	0	0	0	0	0	0	0	0
'Metallosphaera cuprina'	50	50	50	0	0	50	0	50	0	50	0	0	0	50	0	50	0	0	0	0	0	0	0	0	0	0	0	0	0	0	0	0	0	0	0	0	0	0	0	0	0	0	0	0	0	0	0	0	0	0	0	0	0	0	0	0	0	0	0	0	0	0	0	0	0	0	0	0	0	0	0	0	0	0	0	0	0	0	0	0	0	0	0	0	0	0
'Pyrococcus'	50	50	50	50	50	0	50	50	50	0	0	0	50	50	0	50	0	0	0	0	0	0	0	0	0	0	0	0	0	0	0	0	0	0	0	0	0	0	0	0	0	0	0	0	0	0	0	0	0	0	0	0	0	0	0	0	0	0	0	0	0	0	0	0	0	0	0	0	0	0	0	0	0	0	0	0	0	0	0	0	0	0	0	0	0	0
'Halorhabdus tiamatea SARL4B'	50	50	50	50	0	0	50	0	50	0	0	0	50	0	0	0	0	0	0	0	0	50	0	0	0	0	0	0	0	0	0	0	0	0	0	0	0	0	0	50	0	0	0	0	0	0	0	0	0	0	0	0	0	0	50	0	0	50	50	0	0	50	0	0	0	0	0	0	0	0	0	0	0	0	0	0	0	0	0	0	0	0	0	0	0	0
'Pyrococcus yayanosii'	50	50	50	50	50	0	50	50	50	0	0	0	0	50	0	0	0	0	0	0	0	0	0	0	0	0	0	0	0	0	0	0	0	0	0	0	0	0	0	0	0	0	0	0	0	0	0	0	0	0	0	0	0	0	0	0	0	0	0	0	0	0	0	0	0	0	0	0	0	0	0	0	0	0	0	0	0	0	0	0	0	0	0	0	0	0
'Methanothermococcus okinawensis'	50	0	0	50	0	50	0	0	50	50	0	0	0	0	0	0	0	0	0	0	0	0	0	0	0	0	0	0	0	0	0	0	0	0	0	0	0	0	0	0	0	0	0	0	0	0	0	0	0	0	0	0	0	0	0	0	0	0	0	0	0	0	0	0	0	0	0	0	0	0	0	0	0	0	0	0	0	0	0	0	0	0	0	0	0	0
'Halopiger xanaduensis'	50	50	50	50	0	0	50	50	50	0	0	0	50	0	0	0	0	0	0	0	0	0	0	0	0	0	0	0	0	0	0	0	0	0	0	0	0	0	0	0	0	0	0	0	0	0	0	0	0	0	0	0	0	0	0	0	0	0	0	0	0	0	0	0	0	0	0	0	0	0	0	0	0	0	0	0	0	0	0	0	0	0	0	0	0	0
'Sulfurisphaera tokodaii'	50	50	50	0	0	50	50	50	0	0	0	0	0	50	0	0	0	0	0	0	0	0	0	0	0	0	0	0	0	0	0	0	0	0	0	0	0	0	0	0	0	0	0	0	0	0	0	0	0	0	0	0	0	0	0	0	0	0	0	0	0	0	0	0	0	0	0	0	0	0	0	0	0	0	0	0	0	0	0	0	0	0	0	0	0	0
'Pyrolobus fumarii'	0	50	50	0	0	0	50	50	0	50	0	0	0	50	0	50	0	0	0	0	0	0	0	0	0	0	0	0	0	0	0	0	0	0	0	0	0	0	0	0	0	0	0	0	0	0	0	0	0	0	0	0	0	0	0	0	0	0	0	0	0	0	0	0	0	0	0	0	0	0	0	0	0	0	0	0	0	0	0	0	0	0	0	0	0	0
'Thermococcus'	50	50	50	50	50	50	50	50	50	50	0	0	0	50	0	0	0	0	0	0	0	0	0	0	0	0	0	0	0	0	0	0	0	0	0	0	0	0	0	0	0	0	0	0	0	0	0	0	0	0	0	0	0	0	0	0	0	0	0	0	0	0	0	0	0	0	0	0	0	0	0	0	0	0	0	0	0	0	0	0	0	0	0	0	0	0
'Haloarcula hispanica'	50	50	50	50	0	0	50	0	50	0	0	0	0	0	0	0	0	0	0	0	0	0	0	0	0	0	0	0	0	0	0	0	0	0	0	0	0	0	0	0	0	0	0	0	0	0	0	0	0	0	0	0	0	0	0	0	0	0	0	0	0	0	0	0	0	0	0	0	0	0	0	0	0	0	0	0	0	0	0	0	0	0	0	0	0	0
'halophilic archaeon DL31'	50	50	50	50	0	0	50	0	50	0	0	0	0	0	0	0	0	0	0	0	0	0	0	0	0	0	0	0	0	0	0	0	0	0	0	0	0	0	0	0	0	0	0	0	0	0	0	0	0	0	0	0	0	0	0	0	0	0	0	0	0	0	0	0	0	0	0	0	0	0	0	0	0	0	0	0	0	0	0	0	0	0	0	0	0	0
'Thermoproteus tenax'	50	50	50	0	0	0	50	50	0	50	0	50	0	50	0	0	0	0	0	0	0	0	0	0	0	0	0	0	0	0	0	0	0	0	0	0	0	0	0	0	0	0	0	0	0	0	0	0	0	0	0	0	0	0	0	0	0	0	0	0	0	0	0	0	0	0	0	0	0	0	0	0	0	0	0	0	0	0	0	0	0	0	0	0	0	0
'Pyrobaculum ferrireducens'	50	50	50	0	0	0	50	50	0	50	0	50	50	50	0	0	0	0	0	0	0	0	0	0	0	0	0	0	0	0	0	0	0	0	0	0	0	0	0	0	0	0	0	0	0	0	0	0	0	0	0	0	0	0	0	0	0	0	0	0	0	0	0	0	0	0	0	0	0	0	0	0	0	0	0	0	0	0	0	0	0	0	0	0	0	0
'Pyrobaculum oguniense'	50	50	50	0	0	0	50	50	0	50	0	50	50	50	0	0	0	0	0	0	0	0	0	0	0	0	0	0	0	0	0	0	0	0	0	0	0	0	0	0	0	0	0	0	0	0	0	0	0	0	0	0	0	0	0	0	0	0	0	0	0	0	0	0	0	0	0	0	0	0	0	0	0	0	0	0	0	0	0	0	0	0	0	0	0	0
'Methanocella conradii'	50	50	50	50	0	50	50	50	50	0	0	0	0	50	50	0	0	0	0	0	0	0	0	0	0	0	0	0	0	0	0	0	0	0	0	0	0	0	0	0	0	0	0	0	0	0	0	0	0	0	0	0	0	0	0	0	0	0	0	0	0	0	0	0	0	0	0	0	0	0	0	0	0	0	0	0	0	0	0	0	0	0	0	0	0	0
'Fervidicoccus fontis'	50	50	50	0	0	0	0	50	0	50	0	0	0	50	0	0	0	0	0	0	0	0	0	0	0	0	0	0	0	0	0	0	0	0	0	0	0	0	0	0	0	0	0	0	0	0	0	0	0	0	0	0	0	0	0	0	0	0	0	0	0	0	0	0	0	0	0	0	0	0	0	0	0	0	0	0	0	0	0	0	0	0	0	0	0	0
'Haloferax mediterranei'	50	50	50	50	0	0	50	50	50	0	0	0	0	0	0	0	0	0	0	0	0	0	0	0	0	0	0	0	0	0	0	0	0	0	0	0	0	0	0	0	0	0	0	0	0	0	0	0	0	0	0	0	0	0	0	0	0	0	0	0	0	0	0	0	0	0	0	0	0	0	0	0	0	0	0	0	0	0	0	0	0	0	0	0	0	0
'Thermogladius calderae'	50	50	50	0	0	0	0	0	0	50	0	0	0	50	0	0	0	0	0	0	0	0	0	0	0	0	0	0	0	0	0	0	0	0	0	0	0	0	0	0	0	0	0	0	0	0	0	0	0	0	0	0	0	0	0	0	0	0	0	0	0	0	0	0	0	0	0	0	0	0	0	0	0	0	0	0	0	0	0	0	0	0	0	0	0	0
'Desulfurococcus amylolyticus DSM 16532'	50	50	50	0	0	0	0	0	0	50	0	0	0	50	0	0	0	0	0	0	0	0	0	0	0	0	0	0	0	0	0	0	0	0	0	0	0	0	0	0	0	0	0	0	0	0	0	0	0	0	0	0	0	0	0	0	0	0	0	0	0	0	0	0	0	0	0	0	0	0	0	0	0	0	0	0	0	0	0	0	0	0	0	0	0	0
'Natrinema'	50	50	0	50	0	0	50	50	50	0	0	0	0	0	0	0	0	0	0	0	0	0	0	0	0	0	0	0	0	0	0	0	0	0	0	0	0	0	0	0	0	0	0	0	0	0	0	0	0	0	0	0	0	0	0	0	0	0	0	0	0	0	0	0	0	0	0	0	0	0	0	0	0	0	0	0	0	0	0	0	0	0	0	0	0	0
'Candidatus Nitrosopumilus sediminis'	50	0	50	0	0	50	0	0	0	0	0	0	0	0	0	0	0	0	0	0	0	0	0	0	0	0	0	0	0	0	0	0	0	0	0	0	0	0	0	0	0	0	0	0	0	0	0	0	0	0	0	0	0	0	0	0	0	0	0	0	0	0	0	0	0	0	0	0	0	0	0	0	0	0	0	0	0	0	0	0	0	0	0	0	0	0
'Caldisphaera lagunensis'	50	50	50	0	0	0	50	50	0	0	0	0	0	0	50	0	0	0	0	0	0	0	0	0	0	0	0	0	0	0	0	0	0	0	0	0	0	0	0	0	0	0	0	0	0	0	0	0	0	0	0	0	0	0	0	0	0	0	0	0	0	0	0	0	0	0	0	0	0	0	0	0	0	0	0	0	0	0	0	0	0	0	0	0	0	0
'Natronobacterium gregoryi'	50	50	50	50	0	0	50	50	50	0	0	0	0	0	0	0	0	0	0	0	0	0	0	0	0	0	0	0	0	0	0	0	0	0	0	0	0	0	0	0	0	0	0	0	0	0	0	0	0	0	0	0	0	0	0	0	0	0	0	0	0	0	0	0	0	0	0	0	0	0	0	0	0	0	0	0	0	0	0	0	0	0	0	0	0	0
'Methanoregula formicica'	50	50	50	50	50	50	50	50	50	0	0	0	50	0	50	0	0	0	0	0	0	0	0	0	0	0	0	0	0	0	0	0	0	0	0	0	0	0	0	0	0	0	0	0	0	0	0	0	0	0	0	0	0	0	0	0	0	0	0	0	0	0	0	0	0	0	0	0	0	0	0	0	0	0	0	0	0	0	0	0	0	0	0	0	0	0
'Aciduliprofundum'	50	50	0	0	50	50	50	0	50	50	50	0	0	0	0	0	0	0	0	0	0	0	0	0	0	0	0	0	0	0	0	0	0	0	0	0	0	0	0	0	0	0	0	0	0	0	0	0	0	0	0	0	0	0	0	0	0	0	0	0	0	0	0	0	0	0	0	0	0	0	0	0	0	0	0	0	0	0	0	0	0	0	0	0	0	0
'Halovivax ruber'	50	50	50	50	0	0	50	0	50	0	0	0	0	0	0	0	0	0	0	0	0	0	0	0	0	0	0	0	0	0	0	0	0	0	0	0	0	0	0	0	0	0	0	0	0	0	0	0	0	0	0	0	0	0	0	0	0	0	0	0	0	0	0	0	0	0	0	0	0	0	0	0	0	0	0	0	0	0	0	0	0	0	0	0	0	0
'Natrinema pellirubrum'	50	50	50	50	0	0	50	50	50	0	0	0	0	0	0	0	0	0	0	0	0	0	0	0	0	0	0	0	0	0	0	0	0	0	0	0	0	0	0	0	0	0	0	0	0	0	0	0	0	0	0	0	0	0	0	0	0	0	0	0	0	0	0	0	0	0	0	0	0	0	0	0	0	0	0	0	0	0	0	0	0	0	0	0	0	0
'Natronococcus occultus SP4'	50	50	0	50	0	0	50	50	50	0	0	0	0	0	0	0	0	0	0	0	0	0	0	0	0	0	0	0	0	0	0	0	0	0	0	0	0	0	0	0	0	0	0	0	0	0	0	0	0	0	0	0	0	0	0	0	0	0	0	0	0	0	0	0	0	0	0	0	0	0	0	0	0	0	0	0	0	0	0	0	0	0	0	0	0	0
'Halobiforma lacisalsi AJ5'	50	50	50	50	0	0	50	50	50	0	0	0	0	0	0	0	0	0	0	0	0	0	0	0	0	0	0	0	0	0	0	0	0	0	0	0	0	0	0	0	0	0	0	0	0	0	0	0	0	0	0	0	0	0	50	0	0	0	0	0	0	0	0	0	0	0	0	0	0	0	0	0	0	0	0	0	0	0	0	0	0	0	0	0	0	0
'Natronomonas moolapensis'	50	50	50	50	0	0	50	50	50	0	0	0	50	0	0	0	0	0	0	0	0	0	0	0	0	0	0	0	0	0	0	0	0	0	0	0	0	0	0	0	0	0	0	0	0	0	0	0	0	0	0	0	0	0	0	0	0	0	0	0	0	0	0	0	0	0	0	0	0	0	0	0	0	0	0	0	0	0	0	0	0	0	0	0	0	0
'Thermoplasmatales archaeon'	50	50	0	0	0	50	50	0	50	0	0	0	0	0	0	0	0	0	0	0	0	0	0	0	0	0	0	0	0	0	0	0	0	0	0	0	0	0	0	0	0	0	0	0	0	0	0	0	0	0	0	0	0	0	0	0	0	0	0	0	0	0	0	0	0	0	0	0	0	0	0	0	0	0	0	0	0	0	0	0	0	0	0	0	0	0
'Candidatus Methanomethylophilus alvus'	50	50	0	0	0	50	50	0	50	0	50	0	0	0	0	0	0	0	0	0	0	0	0	0	0	0	0	0	0	0	0	0	0	0	0	0	0	0	0	0	0	0	0	0	0	0	0	0	0	0	0	0	0	0	0	0	0	0	0	0	0	0	0	0	0	0	0	0	0	0	0	0	0	0	0	0	0	0	0	0	0	0	0	0	0	0
'Archaeoglobus sulfaticallidus PM70-1'	50	50	50	0	50	0	0	50	50	50	0	0	0	0	50	0	0	0	0	0	0	0	0	0	0	0	0	0	0	0	0	0	0	0	0	0	0	0	0	0	0	0	0	0	0	0	0	0	0	0	0	0	0	0	0	0	0	0	0	0	0	0	0	0	0	0	0	0	0	0	0	0	0	0	0	0	0	0	0	0	0	0	0	0	0	0
'Archaeoglobus fulgidus'	0	50	50	0	50	50	0	50	50	0	0	0	50	50	0	0	0	0	0	0	0	0	0	0	0	0	0	0	0	0	0	0	0	0	0	0	0	0	0	0	0	0	0	0	0	0	0	0	0	0	0	0	0	0	0	0	0	0	0	0	0	0	0	0	0	0	0	0	0	0	0	0	0	0	0	0	0	0	0	0	0	0	0	0	0	0
'Pyrococcus horikoshii'	50	50	50	50	50	0	50	50	50	0	0	50	50	50	0	50	0	0	0	0	0	0	0	0	0	0	0	0	0	0	0	0	0	0	0	0	0	0	0	0	0	0	0	0	0	0	0	0	0	0	0	0	0	0	0	0	0	0	0	0	0	0	0	0	0	0	0	0	0	0	0	0	0	0	0	0	0	0	0	0	0	0	0	0	0	0
'Pyrococcus furiosus'	50	50	50	50	50	0	50	50	50	0	0	50	50	50	0	0	0	0	0	0	0	0	0	0	0	0	0	0	0	0	0	0	0	0	0	0	0	0	0	0	0	0	0	0	0	0	0	0	0	0	0	0	0	0	0	0	0	0	0	0	0	0	0	0	0	0	0	0	0	0	0	0	0	0	0	0	0	0	0	0	0	0	0	0	0	0
'Saccharolobus solfataricus'	50	50	50	0	0	50	50	50	0	50	0	0	0	50	0	50	0	0	0	0	0	0	0	0	0	0	0	0	0	0	0	0	0	0	0	0	0	0	0	0	0	0	0	0	0	0	0	0	0	0	0	0	0	0	0	0	0	0	0	0	0	0	0	0	0	0	0	0	0	0	0	0	0	0	0	0	0	0	0	0	0	0	0	0	0	0
'Methanocella arvoryzae'	50	50	50	50	50	50	50	0	50	0	0	0	0	0	50	0	0	0	0	0	0	0	0	0	0	0	0	0	0	0	0	0	0	0	0	0	0	0	0	0	0	0	0	0	0	0	0	0	0	0	0	0	0	0	0	0	0	0	0	0	0	0	0	0	0	0	0	0	0	0	0	0	0	0	0	0	0	0	0	0	0	0	0	0	0	0
'Haloquadratum walsbyi'	50	50	50	50	0	0	50	50	50	0	0	0	0	0	0	0	0	0	0	0	0	0	0	0	0	0	0	0	0	0	0	0	0	0	0	0	0	0	0	0	0	0	0	0	0	0	0	0	0	0	0	0	0	0	0	0	0	0	0	0	0	0	0	0	0	0	0	0	0	0	0	0	0	0	0	0	0	0	0	0	0	0	0	0	0	0
'Methanospirillum hungatei JF-1'	50	50	50	50	0	50	0	0	50	0	0	0	0	0	50	0	0	0	0	0	0	0	0	0	0	0	0	0	0	0	0	0	0	0	0	0	0	0	0	0	0	0	0	0	0	0	0	0	0	0	0	0	0	0	0	0	0	0	0	0	0	0	0	0	0	0	0	0	0	0	0	0	0	0	0	0	0	0	0	0	0	0	0	0	0	0
'Methanosphaera stadtmanae'	50	50	50	50	50	50	0	0	50	0	0	0	0	0	0	0	0	0	0	0	0	0	0	0	0	0	0	0	0	0	0	0	0	0	0	0	0	0	0	0	0	0	0	0	0	0	0	0	0	0	0	0	0	0	0	0	0	0	0	0	0	0	0	0	0	0	0	0	0	0	0	0	0	0	0	0	0	0	0	0	0	0	0	0	0	0
'Methanosarcina barkeri'	50	50	50	50	50	50	50	50	50	0	50	0	0	50	50	0	0	0	0	0	0	0	0	0	0	0	0	0	0	0	0	0	0	0	0	0	0	0	0	0	0	0	0	0	0	0	0	0	0	0	0	0	0	0	0	0	0	0	0	0	0	0	0	0	0	0	0	0	0	0	0	0	0	0	0	0	0	0	0	0	0	0	0	0	0	0
'Sulfolobus acidocaldarius'	50	50	50	0	0	50	50	50	0	0	0	0	0	0	0	0	0	0	0	0	0	0	0	0	0	0	0	0	0	0	0	0	0	0	0	0	0	0	0	0	0	0	0	0	0	0	0	0	0	0	0	0	0	0	0	0	0	0	0	0	0	0	0	0	0	0	0	0	0	0	0	0	0	0	0	0	0	0	0	0	0	0	0	0	0	0
'Methanocaldococcus jannaschii'	0	50	50	50	50	50	0	0	50	50	0	0	0	50	0	0	0	0	0	0	0	0	0	0	0	0	0	0	0	0	0	0	0	0	0	0	0	0	0	0	0	0	0	0	0	0	0	0	0	0	0	0	0	0	0	0	0	0	0	0	0	0	0	0	0	0	0	0	0	0	0	0	0	0	0	0	0	0	0	0	0	0	0	0	0	0
'Thermococcus kodakarensis'	50	50	50	50	50	50	50	0	50	50	0	50	0	50	0	0	0	0	0	0	0	0	0	0	0	0	0	0	0	0	0	0	0	0	0	0	0	0	0	0	0	0	0	0	0	0	0	0	0	0	0	0	0	0	0	0	0	0	0	0	0	0	0	0	0	0	0	0	0	0	0	0	0	0	0	0	0	0	0	0	0	0	0	0	0	0
'Haloarcula marismortui'	50	50	50	50	0	0	50	50	50	0	0	0	50	0	0	0	0	0	0	0	0	0	50	0	0	50	0	0	0	0	0	0	0	0	0	0	0	0	0	50	0	0	0	0	0	0	0	0	0	0	0	0	0	0	0	0	0	0	0	0	0	50	50	0	0	0	0	0	0	0	0	0	0	0	0	0	0	0	0	0	0	0	0	0	0	0
'Picrophilus torridus'	50	50	0	0	0	50	0	50	0	0	0	0	0	0	0	0	0	0	0	0	0	0	0	0	0	0	0	0	0	0	0	0	0	0	0	0	0	0	0	0	0	0	0	0	0	0	0	0	0	0	0	0	0	0	0	0	0	0	0	0	0	0	0	0	0	0	0	0	0	0	0	0	0	0	0	0	0	0	0	0	0	0	0	0	0	0
'Methanosarcina mazei'	50	50	50	50	50	50	50	50	50	0	50	0	0	0	50	0	0	0	0	0	0	0	0	0	0	0	0	0	0	0	0	0	0	0	0	0	0	0	0	0	0	0	0	0	0	0	0	0	0	0	0	0	0	0	0	0	0	0	0	0	0	0	0	0	0	0	0	0	0	0	0	0	0	0	0	0	0	0	0	0	0	0	0	0	0	0
'Pyrobaculum aerophilum'	50	50	50	0	0	0	50	50	0	0	0	50	0	50	0	0	0	0	0	0	0	0	0	0	0	0	0	0	0	0	0	0	0	0	0	0	0	0	0	0	0	0	0	0	0	0	0	0	0	0	0	0	0	0	0	0	0	0	0	0	0	0	0	0	0	0	0	0	0	0	0	0	0	0	0	0	0	0	0	0	0	0	0	0	0	0
'Thermoplasma volcanium'	50	50	0	0	0	50	50	50	50	0	0	0	0	0	0	0	0	0	0	0	0	0	0	0	0	0	0	0	0	0	0	0	0	0	0	0	0	0	0	0	0	0	0	0	0	0	0	0	0	0	0	0	0	0	0	0	0	0	0	0	0	0	0	0	0	0	0	0	0	0	0	0	0	0	0	0	0	0	0	0	0	0	0	0	0	0
'Thermoplasma acidophilum'	50	50	0	0	0	50	50	50	50	0	0	0	0	0	0	0	0	0	0	0	0	0	0	0	0	0	0	0	0	0	0	0	0	0	0	0	0	0	0	0	0	0	0	0	0	0	0	0	0	0	0	0	0	0	0	0	0	0	0	0	0	0	0	0	0	0	0	0	0	0	0	0	0	0	0	0	0	0	0	0	0	0	0	0	0	0
'Pyrococcus abyssi'	50	50	50	50	0	0	50	50	50	0	0	50	50	50	0	0	0	0	0	0	0	0	0	0	0	0	0	0	0	0	0	0	0	0	0	0	0	0	0	0	0	0	0	0	0	0	0	0	0	0	0	0	0	0	0	0	0	0	0	0	0	0	0	0	0	0	0	0	0	0	0	0	0	0	0	0	0	0	0	0	0	0	0	0	0	0
'Aeropyrum pernix'	50	50	0	0	0	0	50	50	0	50	0	0	50	50	50	0	0	0	0	0	0	0	0	0	0	0	0	0	0	0	0	0	0	0	0	0	0	0	0	0	0	0	0	0	0	0	0	0	0	0	0	0	0	0	0	0	0	0	0	0	0	0	0	0	0	0	0	0	0	0	0	0	0	0	0	0	0	0	0	0	0	0	0	0	0	0
Salinarchaeum	50	50	50	50	0	0	50	0	50	0	0	0	50	0	0	0	0	0	0	0	0	0	0	0	0	0	0	0	0	0	0	0	0	0	0	0	0	0	0	0	0	0	0	0	0	0	0	0	0	0	0	0	0	0	0	0	0	0	0	0	0	0	0	0	0	0	0	0	0	0	0	0	0	0	0	0	0	0	0	0	0	0	0	0	0	0
'Methanobrevibacter'	50	50	50	0	50	50	50	0	50	0	0	0	0	0	0	0	0	0	0	0	0	0	0	0	0	0	0	0	0	0	0	0	0	0	0	0	0	0	0	0	0	0	0	0	0	0	0	0	0	0	0	0	0	0	0	0	0	0	0	0	0	0	0	0	0	0	0	0	0	0	0	0	0	0	0	0	0	0	0	0	0	0	0	0	0	0
'Thermofilum adornatum'	50	50	50	0	0	0	50	0	0	50	0	50	50	50	0	0	0	0	0	0	0	0	0	0	0	0	0	0	0	0	0	0	0	0	0	0	0	0	0	0	0	0	0	0	0	0	0	0	0	0	0	0	0	0	0	0	0	0	0	0	0	0	0	0	0	0	0	0	0	0	0	0	0	0	0	0	0	0	0	0	0	0	0	0	0	0
'Aeropyrum camini SY1 = JCM 12091'	50	50	50	0	0	0	50	50	0	50	0	0	0	50	50	50	0	0	0	0	0	0	0	0	0	0	0	0	0	0	0	0	0	0	0	0	0	0	0	0	0	0	0	0	0	0	0	0	0	0	0	0	0	0	0	0	0	0	0	0	0	0	0	0	0	0	0	0	0	0	0	0	0	0	0	0	0	0	0	0	0	0	0	0	0	0
'Halostagnicola larsenii XH-48'	50	50	50	50	0	0	50	0	50	0	0	0	0	0	0	0	0	0	0	0	0	0	0	0	0	0	0	0	0	0	0	0	0	0	0	0	0	0	0	0	0	0	0	0	0	0	0	0	0	0	0	0	0	0	0	0	0	0	0	0	0	0	0	0	0	0	0	0	0	0	0	0	0	0	0	0	0	0	0	0	0	0	0	0	0	0
'Thermococcus nautili'	50	50	0	50	50	50	50	50	50	0	0	0	0	0	0	0	0	0	0	0	0	0	0	0	0	0	0	0	0	0	0	0	0	0	0	0	0	0	0	0	0	0	0	0	0	0	0	0	0	0	0	0	0	0	0	0	0	0	0	0	0	0	0	0	0	0	0	0	0	0	0	0	0	0	0	0	0	0	0	0	0	0	0	0	0	0
'Nitrososphaera viennensis EN76'	50	50	50	0	50	50	0	50	0	0	0	0	0	0	0	0	50	50	50	50	50	50	50	50	0	0	0	0	0	0	0	0	0	0	0	0	0	0	0	0	0	0	0	0	0	0	0	0	0	0	0	0	0	0	0	0	0	0	0	0	0	0	0	0	0	0	0	0	0	0	0	0	0	0	0	0	0	0	0	0	0	0	0	0	0	0
'Methanobacterium formicicum'	50	50	50	0	50	50	0	0	50	0	0	0	0	0	0	0	0	50	0	0	50	50	50	50	50	50	50	50	50	50	50	50	50	50	50	50	0	0	0	0	0	0	0	0	0	0	0	0	0	0	0	0	0	0	0	0	0	0	0	0	0	0	0	0	0	0	0	0	0	0	0	0	0	0	0	0	0	0	0	0	0	0	0	0	0	0
'Thermococcus eurythermalis'	50	50	50	50	50	0	50	50	50	50	0	0	0	50	0	0	50	0	0	0	50	50	50	50	50	50	0	50	0	50	50	0	50	0	50	0	50	50	50	50	50	50	50	50	50	50	50	50	50	50	50	50	50	50	50	0	0	0	0	0	0	0	0	0	0	0	0	0	0	0	0	0	0	0	0	0	0	0	0	0	0	0	0	0	0	0
'Candidatus Methanoplasma termitum'	50	50	0	0	0	50	50	0	50	0	0	0	0	0	0	0	0	50	0	0	50	50	0	0	50	0	0	0	0	50	50	0	50	0	0	50	0	0	0	0	0	0	0	0	0	0	0	0	0	0	0	0	0	50	50	0	0	0	0	0	0	0	0	0	0	0	0	0	0	0	0	0	0	0	0	0	0	0	0	0	0	0	0	0	0	0
'Candidatus Nitrosopelagicus brevis'	50	50	0	0	0	50	50	0	50	0	0	0	0	0	0	0	0	50	0	0	50	50	0	0	0	0	0	0	0	0	50	0	0	0	0	0	0	0	0	50	0	0	0	0	0	0	0	0	0	0	0	0	0	0	50	50	0	0	0	0	0	0	0	0	0	0	0	0	0	0	0	0	0	0	0	0	0	0	0	0	0	0	0	0	0	0
'Haloarcula'	50	50	50	50	0	0	50	0	50	0	0	0	50	0	0	0	0	0	0	0	50	50	50	0	50	50	0	0	0	50	50	0	50	0	50	0	0	0	0	50	0	0	0	0	0	0	0	0	50	0	0	0	0	50	50	0	50	50	50	50	50	50	50	50	50	50	0	0	0	0	0	0	0	0	0	0	0	0	0	0	0	0	0	0	0	0
'archaeon GW2011_AR10'	50	50	0	0	0	0	0	0	50	0	0	0	0	0	0	0	0	0	0	0	50	50	0	0	0	0	0	0	0	50	50	50	50	0	0	0	0	0	0	0	0	0	0	0	0	0	0	0	0	0	50	0	0	0	0	0	0	0	0	0	0	0	0	0	0	0	50	0	0	0	0	0	0	0	0	0	0	0	0	0	0	0	0	0	0	0
'archaeon GW2011_AR20'	0	50	0	0	0	50	50	0	50	0	0	0	0	0	0	0	0	50	0	0	50	0	0	0	0	0	0	0	0	50	50	50	50	0	0	50	0	0	0	0	0	0	0	0	0	0	0	0	0	0	0	0	50	50	50	0	0	0	0	0	0	0	0	0	0	0	0	50	0	0	0	0	0	0	0	0	0	0	0	0	0	0	0	0	0	0
'Nitrosopumilus adriaticus'	50	50	50	0	0	50	0	0	50	0	0	0	0	0	0	0	0	50	0	0	50	50	50	0	0	0	0	0	0	0	50	0	0	0	0	0	0	0	0	50	0	0	0	0	0	0	0	0	0	0	0	0	0	0	0	50	0	0	0	0	0	0	0	0	0	0	0	0	0	0	0	0	0	0	0	0	0	0	0	0	0	0	0	0	0	0
'uncultured archaeon'	50	50	0	0	0	0	50	0	0	0	0	0	0	0	0	0	0	0	0	0	50	50	0	0	50	0	0	0	0	0	0	0	50	0	0	0	0	50	50	50	0	0	0	0	0	0	0	0	0	0	0	0	0	50	50	0	0	0	0	0	0	0	0	0	0	0	0	0	0	0	0	0	0	0	0	0	0	0	0	0	0	0	0	0	0	0
'Methanosarcina thermophila'	50	50	50	50	0	50	50	50	50	0	0	0	0	0	50	0	50	50	50	50	50	50	50	0	50	50	0	0	0	50	50	0	50	0	50	50	0	0	0	0	0	0	0	0	0	50	0	0	50	0	0	0	0	50	50	0	0	0	0	0	0	0	0	0	0	0	0	50	50	50	50	50	50	50	50	50	50	50	50	50	0	0	0	0	0	0
'Methanosarcina'	50	50	50	50	50	50	50	50	50	0	0	0	0	0	50	0	50	50	0	0	50	50	50	50	50	50	0	50	0	50	50	0	50	0	50	50	0	0	0	50	0	0	0	0	0	50	0	0	50	0	0	0	0	50	50	50	0	0	0	0	0	0	0	0	0	0	0	50	50	50	50	50	50	50	50	50	50	50	0	0	0	0	0	0	0	0
'Methanosarcina siciliae T4/M'	50	50	50	50	0	50	0	50	50	0	0	0	0	0	50	0	50	50	0	0	50	50	50	0	50	50	0	0	0	50	50	0	50	0	50	50	0	0	0	50	0	0	0	0	0	50	0	0	50	0	0	0	0	0	0	50	0	0	0	0	0	0	0	0	0	0	0	50	50	50	0	50	50	50	50	50	50	50	0	0	0	0	0	0	0	0
'Methanosarcina vacuolata Z-761'	50	50	50	50	50	50	0	50	50	0	0	0	0	0	50	0	50	50	50	50	50	50	50	50	50	50	0	50	0	50	50	0	50	0	50	50	0	0	0	50	0	0	0	0	0	50	0	0	50	0	0	0	0	0	0	50	0	0	0	0	0	0	0	0	0	0	0	50	50	50	0	50	50	50	50	50	50	50	50	50	0	0	0	0	0	0
'Methanosarcina lacustris Z-7289'	50	50	50	50	50	50	50	50	50	0	50	0	0	0	50	0	50	50	50	50	50	50	50	50	50	50	0	50	0	50	50	0	50	0	50	50	0	0	0	50	0	0	0	0	0	50	0	0	50	0	0	0	0	50	50	50	0	0	0	0	0	0	0	0	0	0	0	50	50	50	50	50	50	50	50	50	50	50	50	50	50	0	0	0	0	0
'Methanosarcina horonobensis HB-1 = JCM 15518'	50	50	50	50	0	50	50	50	50	0	50	0	0	0	50	0	50	50	50	50	50	50	50	0	50	50	0	0	0	50	50	0	50	0	50	50	0	0	0	50	0	0	0	0	0	50	0	0	50	0	0	0	0	50	50	50	0	0	0	0	0	0	0	0	0	0	0	50	50	50	50	50	50	50	50	50	50	50	50	50	50	0	0	0	0	0
'Methanococcoides methylutens MM1'	50	50	50	50	50	50	50	0	50	0	50	0	0	0	50	0	50	50	50	50	50	50	50	50	50	50	0	50	0	50	50	0	50	50	50	50	0	0	0	0	0	0	0	0	0	0	0	0	50	0	0	0	0	50	50	0	0	0	0	0	0	0	0	0	0	0	0	50	50	50	50	50	50	50	50	0	50	50	50	50	50	50	0	0	0	0
'Thermofilum uzonense'	50	50	50	0	0	0	50	0	0	50	0	0	50	50	0	0	0	0	0	0	50	50	50	50	0	0	0	0	0	0	0	0	0	0	0	0	0	0	0	50	0	0	0	50	0	0	0	0	0	0	0	0	0	0	50	0	0	0	0	0	0	0	0	0	0	0	50	0	0	0	0	0	0	0	0	0	0	0	0	0	0	0	50	50	0	0
'Geoglobus ahangari'	50	50	50	0	50	0	0	0	50	0	0	0	0	0	0	0	0	0	0	0	50	50	50	50	50	50	0	50	0	50	50	0	50	0	0	0	0	50	50	50	0	0	0	0	0	0	0	0	0	0	0	0	0	0	0	0	0	0	0	0	0	0	0	0	0	0	0	0	0	0	0	0	0	0	0	0	0	0	0	0	0	0	0	0	0	0
'Halanaeroarchaeum sulfurireducens'	50	50	50	50	0	0	50	0	50	0	0	0	0	0	0	0	0	0	0	0	50	50	50	0	50	50	0	0	0	50	50	0	50	0	50	0	0	0	0	0	0	0	0	0	0	0	0	0	50	0	0	0	0	50	50	0	50	50	50	50	50	0	50	50	50	50	0	0	0	0	0	0	0	0	0	0	0	0	0	0	0	0	0	0	0	0
'Haloferax gibbonsii'	50	50	50	50	0	0	50	50	50	0	50	0	0	0	0	0	50	0	0	0	50	50	50	0	50	50	0	0	0	50	50	0	50	0	50	0	0	0	0	0	0	0	0	0	0	50	0	0	50	0	0	0	0	50	50	0	50	50	50	50	50	0	50	50	50	50	0	0	0	0	0	0	0	0	0	0	0	0	0	0	50	0	0	0	0	0
'Candidatus Nitrosocosmicus oleophilus'	50	50	0	0	0	50	0	50	50	0	0	0	0	0	0	0	50	50	50	50	50	50	0	0	0	0	0	0	0	50	50	0	0	0	0	0	0	0	0	0	0	0	0	0	0	0	0	0	0	0	50	0	0	0	0	0	0	0	0	0	0	0	0	0	0	0	0	0	0	0	0	0	0	0	0	0	0	0	0	0	0	0	0	0	0	0
'Pyrodictium delaneyi'	50	50	50	0	0	0	50	50	0	50	0	0	0	50	0	0	50	0	0	0	50	50	50	50	0	0	0	0	0	0	0	0	0	0	0	0	0	0	0	0	0	0	0	50	0	0	0	0	0	0	0	0	0	0	50	0	0	0	0	0	0	0	0	0	0	0	50	0	0	0	0	0	0	0	0	0	0	0	0	0	0	0	50	50	50	0
'Thermococcus thioreducens'	0	50	50	50	0	50	50	50	50	50	0	0	0	50	0	0	50	50	0	0	50	0	50	50	0	50	0	0	0	50	50	0	50	0	50	50	0	0	0	0	0	50	50	50	50	50	50	50	50	50	50	50	50	50	50	0	0	0	0	0	0	0	0	0	0	0	0	0	0	0	0	0	0	0	0	0	0	0	0	0	0	0	0	0	0	50
'Methanobrevibacter millerae'	50	50	50	50	0	50	50	0	50	0	0	0	0	0	0	0	50	50	0	0	50	50	50	0	50	50	0	0	50	50	50	50	50	0	50	50	0	0	0	50	0	0	0	0	0	0	0	0	50	0	0	0	0	0	50	50	0	0	0	0	0	0	0	0	0	0	0	0	0	0	0	0	0	0	0	0	0	0	0	0	0	50	0	0	0	0
'Ignicoccus islandicus DSM 13165'	50	50	50	0	0	0	0	50	0	50	0	0	50	50	0	0	50	0	0	0	50	50	50	50	0	0	0	0	0	0	0	0	0	0	0	0	0	0	0	50	0	0	0	50	0	0	0	0	0	0	0	0	0	0	0	0	0	0	0	0	0	0	0	0	0	0	50	0	0	0	0	0	0	0	0	0	0	0	0	0	0	0	50	50	0	0
'Halobacterium hubeiense'	50	50	50	50	0	0	50	0	50	0	0	0	0	0	0	0	0	0	0	0	50	50	50	0	50	50	0	0	0	50	50	0	50	0	50	0	0	0	0	0	0	0	0	0	0	0	0	0	50	0	0	0	0	50	50	0	50	50	50	50	50	0	50	50	50	50	0	0	0	0	0	0	0	0	0	0	0	0	0	0	0	0	0	0	0	0
'Thermococcus guaymasensis DSM 11113'	0	50	50	50	50	50	50	50	50	0	0	0	0	50	0	0	50	50	0	0	50	0	50	50	0	50	0	50	0	50	50	0	50	0	50	50	0	0	0	0	50	0	0	0	50	50	50	50	50	50	50	50	50	50	50	0	0	0	0	0	0	0	0	0	0	0	0	0	0	0	0	0	0	0	0	0	0	0	0	0	0	0	0	0	0	50
'Methanoculleus bourgensis'	50	50	0	50	0	50	50	0	50	0	50	0	50	0	50	0	50	50	50	50	50	50	50	0	50	0	0	0	0	50	50	0	50	0	50	50	0	50	50	50	0	0	0	0	0	0	0	0	50	0	0	0	0	50	50	0	0	0	0	0	0	50	0	0	0	0	0	50	50	50	50	50	50	50	0	0	50	50	50	50	50	0	0	0	0	0
'Acidilobus'	50	50	50	0	0	0	0	50	0	0	0	0	0	0	50	0	50	0	0	0	50	50	50	0	0	0	0	0	0	0	0	0	0	0	0	0	0	0	0	0	0	0	0	0	0	0	0	0	0	0	0	0	0	0	0	0	0	0	0	0	0	0	0	0	0	0	50	0	0	0	0	0	0	50	0	0	0	0	0	0	0	0	50	0	50	0
'methanogenic archaeon ISO4-H5'	50	50	0	0	50	50	50	0	50	0	0	0	0	0	0	0	0	50	0	0	50	50	0	50	50	0	0	50	0	50	50	0	50	0	0	50	0	0	0	0	0	0	0	0	0	0	0	0	0	0	0	0	0	50	50	0	0	0	0	0	0	0	0	0	0	0	0	0	0	0	0	0	0	0	0	0	0	0	0	0	0	0	0	0	0	0
'Methanobrevibacter olleyae'	50	50	50	50	50	0	0	0	50	0	0	0	0	0	0	0	50	0	0	0	50	50	50	50	50	50	0	50	50	50	50	50	50	50	50	0	0	50	50	50	0	0	0	0	0	0	0	0	50	0	0	0	0	0	0	0	0	0	0	0	0	0	0	0	0	0	0	0	0	0	0	0	0	0	0	0	0	0	0	0	0	50	0	0	0	0
'Pyrococcus kukulkanii'	50	50	50	50	50	0	50	50	50	0	0	0	0	0	0	0	50	0	0	0	50	50	50	50	50	50	0	50	0	50	50	0	50	0	50	0	50	0	0	0	50	0	0	0	50	50	50	50	50	50	50	50	50	50	50	0	0	0	0	0	0	0	0	0	0	0	0	0	0	0	0	0	0	0	0	0	0	0	0	0	0	0	0	0	0	0
'Candidatus Nitrosotalea devanaterra'	50	50	50	0	0	50	50	0	50	0	0	0	0	0	0	0	0	50	0	0	50	50	50	0	0	0	0	0	0	0	50	0	0	0	0	0	0	0	0	50	0	0	0	0	0	0	0	0	0	0	0	0	0	0	50	50	0	0	0	0	0	0	0	0	0	0	0	0	0	0	0	0	0	0	0	0	0	0	0	0	0	0	0	0	0	0
'Thermococcus peptonophilus'	50	50	50	50	50	50	50	0	50	50	0	0	0	0	0	0	50	50	0	0	50	50	50	50	50	50	0	50	0	50	50	0	50	0	50	50	50	0	0	0	50	50	50	50	0	0	50	50	50	50	50	50	50	50	50	0	0	0	0	0	0	0	0	0	0	0	0	0	0	0	0	0	0	0	0	0	0	0	0	0	0	0	0	0	0	50
'Thermococcus chitonophagus'	50	50	50	50	50	0	50	50	50	0	50	0	50	0	0	0	50	0	0	0	50	50	50	50	50	50	0	50	0	50	50	0	50	0	50	0	50	0	0	50	50	0	0	0	50	50	50	50	50	50	50	50	50	50	50	0	0	0	0	0	0	50	0	0	0	0	0	0	0	0	0	0	0	0	0	0	0	0	0	0	50	0	0	0	0	0
'Thermococcus piezophilus'	50	50	0	50	50	50	50	0	0	50	0	0	0	0	0	0	50	50	0	0	50	50	0	50	50	0	0	50	0	0	0	0	50	0	50	50	50	0	0	0	50	50	50	50	0	0	50	50	50	50	0	0	50	50	50	0	0	0	0	0	0	0	0	0	0	0	0	0	0	0	0	0	0	0	0	0	0	0	0	0	0	0	0	0	0	50
'Sulfolobus'	50	50	0	0	0	50	0	50	0	0	0	0	0	0	0	0	50	50	0	0	50	50	0	0	0	0	0	0	0	0	0	0	0	0	0	0	0	0	0	0	0	0	0	0	0	0	0	0	0	0	0	0	0	0	0	0	0	0	0	0	0	0	0	0	0	0	50	0	0	0	0	0	0	0	0	0	0	0	0	0	0	0	50	50	50	0
'Methanobacterium congolense'	50	50	50	50	50	50	0	50	50	0	50	0	0	0	0	0	50	50	0	0	50	50	50	50	50	50	0	50	50	50	50	50	50	50	50	50	0	0	0	0	0	0	0	0	0	0	0	0	50	0	0	0	0	0	0	0	0	0	0	0	0	0	0	0	0	0	0	0	0	0	0	0	0	0	0	0	0	0	0	0	50	0	0	0	0	0
'Nanohaloarchaea archaeon SG9'	50	50	0	0	50	50	0	0	50	0	0	0	0	0	0	0	0	50	0	0	50	50	0	50	50	0	0	50	0	50	50	0	50	0	0	50	0	0	0	0	0	0	0	0	0	0	50	0	0	0	50	0	0	0	0	0	0	0	0	0	0	0	0	0	0	0	0	0	0	0	0	0	0	0	0	0	0	0	0	0	0	0	0	0	0	0
'Halodesulfurarchaeum formicicum'	50	50	0	50	50	0	50	0	50	0	0	0	0	0	0	0	0	0	0	0	50	50	0	50	50	0	0	50	0	50	50	0	50	0	50	0	0	50	50	50	0	0	0	0	0	0	0	0	50	0	0	0	0	50	50	0	50	50	50	50	50	0	0	50	50	50	0	0	0	0	0	0	0	0	0	0	0	0	0	0	0	0	0	0	0	0
'Methanohalophilus halophilus'	50	50	50	50	0	50	50	0	50	0	50	0	0	0	50	0	0	50	50	50	50	50	50	0	50	50	0	0	0	50	50	0	50	50	50	50	0	0	0	0	0	0	0	0	0	0	0	0	50	0	0	0	0	50	50	0	0	0	0	0	0	0	0	0	0	0	0	50	50	50	50	50	50	50	50	0	50	50	50	50	50	50	0	0	0	0
'Cuniculiplasma divulgatum'	50	50	0	0	0	50	50	0	50	0	0	0	0	0	0	0	0	50	0	0	50	50	0	0	50	0	0	0	0	50	50	0	50	0	0	50	0	0	0	0	0	0	0	0	0	0	0	0	0	0	0	0	0	50	50	0	0	0	0	0	0	0	0	0	0	0	0	0	0	0	0	0	0	0	0	0	0	0	0	0	0	0	0	0	0	0
'Haloterrigena daqingensis'	50	50	50	50	0	0	50	50	50	0	0	0	0	0	0	0	50	0	0	0	50	50	50	0	50	50	0	0	0	50	50	0	50	0	50	0	0	50	50	50	0	0	0	0	0	50	0	0	50	0	0	0	0	50	50	0	50	50	50	50	50	0	50	0	50	50	0	0	0	0	0	0	0	0	0	0	0	0	0	0	0	0	0	0	0	0
Halorientalis	50	50	50	50	0	0	50	50	50	0	0	0	0	0	0	0	50	0	0	0	50	50	50	0	50	50	0	0	0	50	50	0	50	0	50	0	0	0	0	0	0	0	0	0	0	50	0	0	50	0	0	0	0	50	50	0	50	50	50	50	50	0	50	50	50	50	0	0	0	0	0	0	0	0	0	0	0	0	0	0	0	0	0	0	0	0
'Ferroplasma acidiphilum'	50	50	0	0	0	50	50	50	0	0	0	0	0	0	0	0	50	50	0	0	50	50	0	0	50	0	0	0	0	0	0	0	50	0	0	50	0	0	0	0	0	0	0	0	0	50	0	0	0	0	0	0	0	50	50	0	0	0	0	0	0	0	0	0	0	0	0	0	0	0	0	0	0	0	0	0	0	0	0	0	0	0	0	0	0	0
'Acidianus manzaensis'	50	50	50	0	0	50	0	50	0	50	0	0	0	50	0	0	50	50	0	0	50	50	50	50	0	0	0	0	0	0	0	0	0	0	0	0	0	0	0	0	0	0	0	50	0	0	0	0	0	0	0	0	0	0	0	0	0	0	0	0	0	0	0	0	0	0	50	0	0	0	0	0	0	0	0	0	0	0	0	0	0	0	50	50	50	0
'Candidatus Mancarchaeum acidiphilum'	50	50	0	0	0	50	50	0	50	0	0	0	0	0	0	0	0	50	0	0	50	50	0	0	50	0	0	0	0	50	50	0	50	0	0	50	0	0	0	0	0	0	0	0	0	0	0	0	0	0	0	0	50	50	50	0	0	0	0	0	0	0	0	0	0	0	0	0	0	0	0	0	0	0	0	0	0	0	0	0	0	0	0	50	0	0
'Thermococcus celer Vu 13 = JCM 8558'	50	50	0	50	50	50	50	50	50	50	0	0	50	0	0	0	50	50	0	0	50	50	0	50	50	0	0	50	0	50	50	0	50	0	50	50	50	50	50	50	50	50	50	50	50	50	50	50	50	50	50	0	50	50	50	0	0	0	0	0	0	50	0	0	0	0	0	0	0	0	0	0	0	0	0	0	0	0	0	0	0	0	0	0	0	50
'Thermococcus pacificus'	50	50	50	50	0	50	50	50	50	50	0	0	0	0	0	0	50	50	0	0	50	50	50	0	50	50	0	0	0	50	50	0	50	0	50	50	50	0	0	0	0	50	50	50	50	50	50	50	50	50	50	50	50	50	50	0	0	0	0	0	0	0	0	0	0	0	0	0	0	0	0	0	0	0	0	0	0	0	0	0	0	0	0	0	0	50
'Halohasta litchfieldiae'	50	50	50	50	0	0	50	50	50	0	0	0	0	0	0	0	50	0	0	0	50	50	50	0	50	50	0	0	0	50	50	0	50	0	50	0	0	0	0	0	0	0	0	0	0	0	0	0	50	0	0	0	0	50	50	0	50	50	50	50	50	0	50	50	50	50	0	0	0	0	0	0	0	0	0	0	0	0	0	0	0	0	0	0	0	0
'Methanobacterium subterraneum'	0	50	50	0	50	50	0	50	50	0	0	0	0	0	0	0	50	50	0	0	50	0	50	50	0	50	50	50	50	50	50	50	50	50	50	50	0	0	0	0	0	0	0	0	0	0	0	0	0	0	0	0	0	0	0	0	0	0	0	0	0	0	0	0	0	0	0	0	0	0	0	0	0	0	0	0	0	0	0	0	0	0	0	0	0	0
'Haloarcula taiwanensis'	50	50	50	50	0	0	50	0	50	0	0	0	0	0	0	0	0	0	0	0	50	50	50	0	50	50	0	0	0	50	50	0	50	0	50	0	0	0	0	0	0	0	0	0	0	0	0	0	50	0	0	0	0	50	50	0	50	50	50	50	50	0	50	50	50	50	0	0	0	0	0	0	0	0	0	0	0	0	0	0	0	0	0	0	0	0
'Salinigranum rubrum'	50	0	0	50	0	0	50	0	50	0	0	0	0	0	0	0	0	0	0	0	0	50	0	0	50	0	0	0	0	50	50	0	0	0	50	0	0	0	0	0	0	0	0	0	0	0	0	0	50	0	0	0	0	50	50	0	50	50	50	50	50	0	0	0	50	0	0	0	0	0	0	0	0	0	0	0	0	0	0	0	0	0	0	0	0	0
'Candidatus Nitrosocaldus cavascurensis'	50	50	0	0	50	0	0	0	50	0	0	0	0	0	0	0	0	0	0	0	50	50	0	50	0	0	0	50	0	0	50	0	0	0	0	0	0	0	0	0	50	0	0	0	0	0	0	0	0	0	0	0	0	0	0	0	0	0	0	0	0	0	0	0	0	0	0	0	0	0	0	0	0	0	0	0	0	0	0	0	0	0	0	50	0	0
'Acidianus brierleyi'	50	50	50	0	0	50	50	50	0	50	0	0	50	50	0	0	50	50	0	0	50	50	50	50	0	0	0	0	0	0	0	0	0	0	0	0	0	0	0	50	0	0	0	50	0	0	0	0	0	0	0	0	0	0	50	50	0	0	0	0	0	0	0	0	0	0	50	0	0	0	0	0	0	0	0	0	0	0	0	0	0	0	50	50	50	0
'Acidianus sulfidivorans JP7'	50	50	50	0	0	50	50	50	0	50	0	0	50	50	0	0	50	50	0	0	50	50	50	50	0	0	0	0	0	0	0	0	0	0	0	0	0	0	0	50	0	0	0	50	0	0	0	0	0	0	0	0	0	0	50	0	0	0	0	0	0	0	0	0	0	0	50	0	0	0	0	0	0	0	0	0	0	0	0	0	0	0	50	50	50	0
'Metallosphaera hakonensis JCM 8857 = DSM 7519'	50	50	50	0	0	50	50	50	0	50	0	0	50	0	0	0	50	50	0	0	50	50	50	0	0	0	0	0	0	0	0	0	0	0	0	0	0	0	0	50	0	0	0	50	0	0	0	0	0	0	0	0	0	0	50	0	0	0	0	0	0	50	0	0	0	0	50	0	0	0	0	0	0	0	0	0	0	0	0	0	0	0	50	50	50	0
'Candidatus Nitrosomarinus catalina'	50	0	50	0	0	50	0	50	50	0	0	0	0	0	0	0	50	50	0	0	0	50	50	0	0	0	0	0	0	0	50	0	0	0	0	0	0	0	0	50	0	0	0	0	0	50	0	0	0	0	0	0	0	0	0	50	0	0	0	0	0	0	0	0	0	0	0	0	0	0	0	0	0	0	0	0	0	0	0	0	0	0	0	0	0	0
'Natrarchaeobaculum aegyptiacum'	50	50	50	50	0	0	50	50	50	0	0	0	0	0	0	0	50	0	0	0	50	50	50	0	50	50	0	0	0	50	50	0	50	0	50	0	0	0	0	0	0	0	0	0	0	50	0	0	50	0	0	0	0	50	50	0	50	50	50	50	50	0	50	50	50	50	0	0	0	0	0	0	0	0	0	0	0	0	0	0	0	0	0	0	0	0
'Thermococcus gorgonarius'	50	50	50	50	0	50	50	0	50	0	0	0	0	0	0	0	50	50	0	0	50	50	50	0	50	50	0	0	0	50	50	0	50	0	50	50	50	50	50	50	0	0	0	0	0	0	50	50	50	50	50	50	50	50	50	0	0	0	0	0	0	0	0	0	0	0	0	0	0	0	0	0	0	0	0	0	0	0	0	0	0	0	0	0	0	50
'Thermococcus profundus'	50	50	50	50	50	50	50	0	50	50	0	0	0	50	0	0	50	50	0	0	50	50	50	50	50	50	0	50	0	50	50	0	50	0	50	50	50	0	0	0	50	50	50	50	0	0	0	50	50	50	50	50	50	50	50	0	0	0	0	0	0	0	0	0	0	0	0	0	0	0	0	0	0	0	0	0	0	0	0	0	0	0	0	0	0	50
'Thermococcus barossii'	50	50	50	50	0	50	50	50	50	50	0	0	0	50	0	0	50	50	0	0	50	50	50	50	50	50	0	0	0	50	50	0	50	0	50	50	50	0	0	0	0	50	50	50	50	50	50	50	50	50	50	50	50	50	50	0	0	0	0	0	0	0	0	0	0	0	0	0	0	0	0	0	0	0	0	0	0	0	0	0	0	0	0	0	0	50
'Thermococcus siculi'	50	50	50	50	50	50	50	50	50	50	0	0	0	50	0	0	50	50	0	0	50	50	50	50	50	50	0	50	0	50	50	0	50	0	50	50	50	50	50	50	50	50	50	50	50	50	0	50	50	50	50	50	50	50	50	0	0	0	0	0	0	0	0	0	0	0	0	0	0	0	0	0	0	0	0	0	0	0	0	0	0	0	0	0	0	50
'Thermococcus radiotolerans'	50	50	50	50	0	50	50	50	50	50	50	0	0	0	0	0	50	50	0	0	50	50	50	0	50	50	0	0	0	50	50	0	50	0	50	50	50	0	0	0	0	50	50	50	50	50	50	50	50	50	50	50	50	50	50	0	0	0	0	0	0	0	0	0	0	0	0	0	0	0	0	0	0	0	0	0	0	0	0	0	50	0	0	0	0	50
'Methanosphaera'	50	50	50	50	0	0	50	50	50	0	0	0	0	0	0	0	50	0	0	0	50	50	50	0	50	50	0	0	50	50	50	0	0	0	50	0	0	0	0	50	0	0	0	0	0	50	0	0	50	0	0	0	0	0	50	50	0	0	0	0	0	0	0	0	0	0	0	0	0	0	0	0	0	0	0	0	0	0	0	0	0	0	0	0	0	0
'Halalkaliarchaeum desulfuricum'	50	50	50	50	0	0	50	50	50	0	0	0	50	0	0	0	50	0	0	0	50	50	50	0	50	50	0	0	0	50	50	0	50	0	50	0	0	50	50	50	0	0	0	0	0	0	0	0	50	0	0	0	0	50	50	0	50	50	50	50	50	50	50	50	50	50	0	0	0	0	0	0	0	0	0	0	0	0	0	0	0	0	0	0	0	0
'Haloplanus rubicundus'	50	50	50	50	0	0	50	0	50	0	0	0	0	0	0	0	0	0	0	0	50	50	50	0	50	50	0	0	0	50	50	0	50	0	50	0	0	0	0	0	0	0	0	0	0	0	0	0	50	0	0	0	0	50	50	0	50	50	50	50	50	0	50	50	50	50	0	0	0	0	0	0	0	0	0	0	0	0	0	0	0	0	0	0	0	0
'Natrarchaeobaculum sulfurireducens'	50	50	50	50	0	0	50	50	50	0	0	0	0	0	0	0	50	0	0	0	50	50	50	0	50	50	0	0	0	50	50	0	50	0	50	0	0	50	50	50	0	0	0	0	0	50	0	0	50	0	0	0	0	50	50	0	50	50	50	50	50	0	50	50	50	50	0	0	0	0	0	0	0	0	0	0	0	0	0	0	0	0	0	0	0	0
'Sulfodiicoccus acidiphilus'	50	50	50	0	0	50	0	50	0	0	0	0	0	50	0	0	50	50	0	0	50	50	50	50	0	0	0	0	0	0	0	0	0	0	0	0	0	0	0	0	0	0	0	0	0	0	0	0	0	0	0	0	0	0	0	0	0	0	0	0	0	0	0	0	0	0	50	0	0	0	0	0	0	0	0	0	0	0	0	0	0	0	0	50	50	0
'Methanothrix thermoacetophila'	50	50	0	50	0	0	50	0	50	0	0	0	0	0	0	0	0	0	0	0	50	50	0	0	50	0	0	0	0	50	50	0	50	0	50	0	0	0	0	0	0	0	0	0	0	0	0	0	50	0	0	0	0	50	50	0	0	0	0	0	0	0	0	0	0	0	0	0	50	50	50	0	0	0	0	0	50	50	0	0	0	0	0	0	0	0
'Cenarchaeum symbiosum'	50	50	50	0	0	50	50	0	50	0	0	0	0	0	0	0	0	50	0	0	50	50	50	0	0	0	0	0	0	0	50	0	0	0	0	0	0	0	0	50	0	0	0	0	0	0	0	0	0	0	0	0	0	0	50	50	0	0	0	0	0	0	0	0	0	0	0	0	0	0	0	0	0	0	0	0	0	0	0	0	0	0	0	0	0	0
'Pyrobaculum arsenaticum'	50	50	50	0	0	0	50	50	0	50	0	0	0	50	0	0	50	0	0	0	50	50	50	50	0	0	0	0	0	0	0	0	0	0	0	0	0	0	0	0	0	0	0	50	0	0	0	0	0	0	0	0	0	0	50	0	0	0	0	0	0	0	0	0	0	0	50	0	0	0	0	0	0	0	0	0	0	0	0	0	0	0	50	0	50	0
'Halobacterium salinarum'	50	50	0	50	0	0	50	50	50	0	0	0	50	0	0	0	50	0	0	0	50	50	0	0	50	0	0	0	0	50	50	0	50	0	50	0	0	0	0	50	0	0	0	0	0	0	0	0	50	0	0	0	0	50	50	0	50	50	50	50	50	50	0	50	50	0	0	0	0	0	0	0	0	0	0	0	0	0	0	0	0	0	0	0	0	0
'Sulfolobus islandicus'	50	50	50	0	0	50	50	50	0	50	0	0	50	50	0	0	50	50	0	0	50	50	50	50	0	0	0	0	0	0	0	0	0	0	0	0	0	0	0	50	0	0	0	50	0	0	0	0	0	0	0	0	0	0	50	0	0	0	0	0	0	0	0	0	0	0	50	0	0	0	0	0	0	0	0	0	0	0	0	0	0	0	50	50	50	0
'Methanohalophilus mahii'	50	50	50	50	0	50	50	0	50	0	0	0	0	0	50	0	0	50	50	50	50	50	50	0	50	50	0	0	0	50	50	0	50	50	50	50	0	0	0	0	0	0	0	0	0	0	0	0	50	0	0	0	0	50	50	0	0	0	0	0	0	0	0	0	0	0	0	50	50	50	50	50	50	50	50	0	50	50	50	50	0	50	0	0	0	0
'Methanohalobium evestigatum'	50	50	50	50	0	50	50	50	50	0	0	0	0	0	50	0	50	50	50	50	50	50	50	0	50	50	0	0	0	50	50	0	50	50	50	50	0	0	0	0	0	0	0	0	0	50	0	0	50	0	0	0	0	50	50	0	0	0	0	0	0	0	0	0	0	0	0	50	50	50	50	50	50	50	50	0	50	50	50	50	0	50	0	0	0	0
'Methanothermobacter marburgensis'	50	50	50	0	0	50	0	0	50	0	0	0	0	0	0	0	0	50	50	50	50	50	50	0	50	50	50	0	50	50	50	50	50	50	50	50	0	0	0	0	0	0	0	0	0	0	0	0	0	0	0	0	0	0	0	0	0	0	0	0	0	0	0	0	0	0	0	0	0	0	0	0	0	0	0	0	0	0	0	50	0	0	0	0	0	0
'Ignisphaera aggregans'	50	50	50	0	0	0	50	0	0	50	0	0	50	0	0	0	0	0	0	0	50	50	50	0	0	0	0	0	0	0	0	0	0	0	0	0	0	0	0	50	0	0	0	50	0	0	0	0	0	0	0	0	0	0	50	0	0	0	0	0	0	0	0	0	0	0	50	0	0	0	0	0	0	0	0	0	0	0	0	0	0	0	50	50	0	0
'Methanothermus fervidus'	50	50	0	0	0	0	0	0	50	50	0	0	0	0	0	0	0	0	0	0	50	50	0	0	50	0	0	0	50	50	50	50	50	50	50	0	0	0	0	0	0	50	50	50	0	0	0	0	0	0	0	0	0	0	0	0	0	0	0	0	0	0	0	0	0	0	0	0	0	0	0	0	0	0	0	0	0	0	0	0	0	0	0	0	0	0
'Candidatus Caldarchaeum subterraneum'	50	50	50	0	0	0	0	0	50	50	0	0	0	50	0	0	0	0	0	0	50	50	50	50	0	0	0	0	0	50	50	0	0	0	0	0	0	50	50	50	0	50	50	50	0	0	0	0	0	0	0	0	0	0	0	0	0	0	0	0	0	0	0	0	0	0	50	0	0	0	0	0	0	0	0	0	0	0	0	0	0	0	50	0	0	0
'Methanopyrus kandleri'	50	50	50	50	0	0	0	0	50	50	0	0	0	0	0	0	0	0	0	0	50	50	50	0	0	0	0	0	0	50	50	0	50	0	50	0	0	0	0	0	0	50	50	50	0	0	0	50	50	0	0	0	0	0	0	0	0	0	0	0	0	0	0	50	0	0	50	0	0	0	0	0	0	0	0	0	0	0	0	0	0	0	0	0	0	0
'Methanothrix soehngenii'	50	50	0	50	0	50	50	0	50	0	0	0	0	0	0	0	0	50	50	50	50	50	0	0	50	0	0	0	0	50	50	0	50	0	50	50	0	0	0	0	0	0	0	0	0	0	0	0	50	0	0	0	0	50	50	0	0	0	0	0	0	0	0	0	0	0	0	50	50	50	50	0	0	0	0	0	50	50	50	50	0	0	0	0	0	0
'Methanotorris igneus'	50	50	0	50	0	50	0	0	50	50	0	0	0	0	0	0	0	50	0	0	50	50	0	0	50	0	0	0	0	50	50	0	50	0	50	50	0	0	0	0	0	0	50	50	0	0	0	0	50	0	0	0	0	0	0	0	0	0	0	0	0	0	0	0	0	0	0	0	0	0	0	0	0	0	0	0	0	0	0	0	0	0	0	0	0	0
'Methanosalsum zhilinae'	50	50	0	50	50	50	50	50	50	0	0	0	0	0	50	0	50	50	50	50	50	50	0	50	50	0	0	50	0	50	50	0	50	50	50	50	0	0	0	0	0	0	0	0	0	0	0	0	50	0	0	0	0	50	50	0	0	0	0	0	0	0	0	0	0	0	0	0	50	50	50	50	50	50	0	0	50	50	50	50	0	50	0	0	0	0
'Methanosaeta harundinacea'	50	50	0	50	0	50	50	50	50	0	0	0	0	0	0	0	50	50	50	50	50	50	0	0	50	0	0	0	0	50	50	0	50	0	50	50	0	0	0	0	0	0	0	0	0	0	0	0	50	0	0	0	0	50	50	0	0	0	0	0	0	0	0	0	0	0	0	50	50	50	50	0	0	0	0	0	50	50	50	50	0	0	0	0	0	0
'Thermococcus litoralis'	50	50	50	0	50	50	50	50	50	0	0	0	50	50	0	0	50	50	0	0	50	50	50	50	50	50	0	50	0	50	50	0	50	0	0	50	50	0	0	50	50	0	0	0	50	50	50	0	0	50	50	50	50	50	50	0	0	0	0	0	0	50	0	0	0	0	0	0	0	0	0	0	0	0	0	0	0	0	0	0	0	0	0	0	0	50
'Candidatus Nitrosopumilus koreensis AR1'	0	50	50	0	0	50	0	0	50	0	0	0	0	0	0	0	0	50	0	0	50	0	50	0	0	0	0	0	0	0	50	0	0	0	0	0	0	0	0	50	0	0	0	0	0	0	0	0	0	0	0	0	0	0	0	50	0	0	0	0	0	0	0	0	0	0	0	0	0	0	0	0	0	0	0	0	0	0	0	0	0	0	0	0	0	0
'Candidatus Nitrososphaera gargensis'	50	50	50	0	50	50	0	50	50	0	0	0	0	0	0	0	50	50	50	50	50	50	50	50	0	0	0	50	0	50	50	0	0	0	0	0	0	0	0	0	50	0	0	0	0	50	0	0	0	0	50	0	0	0	0	0	0	0	0	0	0	0	0	0	0	0	0	0	0	0	0	0	0	0	0	0	0	0	0	0	0	0	0	0	0	0
'Methanomethylovorans hollandica'	50	50	50	50	0	50	50	0	50	0	0	0	0	0	50	0	0	50	0	0	50	50	50	0	50	50	0	0	0	50	50	0	50	50	50	50	0	0	0	0	0	0	0	0	0	0	0	0	50	0	0	0	0	50	50	0	0	0	0	0	0	0	0	0	0	0	0	50	50	50	50	50	50	50	50	0	50	50	0	0	0	50	0	0	0	0
'Methanothermobacter thermautotrophicus'	50	50	50	0	50	50	0	0	50	0	0	0	0	0	0	0	0	50	50	50	50	50	50	50	50	50	50	50	50	50	50	50	50	50	50	50	0	0	0	0	50	0	0	0	0	0	0	0	0	0	0	0	0	0	0	0	0	0	0	0	0	0	0	0	0	0	0	0	0	0	0	0	0	0	0	0	0	0	0	50	0	0	0	0	0	0
'Methanococcoides burtonii'	50	50	50	50	50	50	50	0	50	0	50	0	0	0	50	0	0	50	0	0	50	50	50	50	50	50	0	50	0	50	50	0	50	50	50	50	0	50	50	50	0	0	0	0	0	0	0	0	50	0	0	0	0	50	50	0	0	0	0	0	0	0	0	0	0	0	0	50	50	50	50	50	50	50	50	0	50	50	0	0	50	50	0	0	0	0
'Nanoarchaeum equitans'	0	50	0	0	50	0	0	0	50	50	0	0	0	0	0	0	50	0	0	0	50	0	0	50	0	0	0	50	0	50	50	0	50	0	0	0	0	0	0	0	50	50	50	50	0	0	50	0	0	0	0	0	0	0	0	0	0	0	0	0	0	0	0	0	0	0	0	0	0	0	0	0	0	0	0	0	0	0	0	0	0	0	0	0	0	0
'Methanosarcina acetivorans'	50	50	50	50	50	50	50	50	50	0	0	0	0	0	50	0	50	50	0	0	50	50	50	50	50	50	0	50	0	50	50	0	50	0	50	50	0	0	0	50	0	0	0	0	0	50	0	0	50	0	0	0	0	50	50	50	0	0	0	0	0	0	0	0	0	0	0	50	50	50	50	50	50	50	50	50	50	50	0	0	0	0	0	0	0	0
'Candidatus Methanomassiliicoccus intestinalis'	50	50	0	0	0	50	50	0	50	0	0	0	0	0	0	0	0	50	0	0	50	50	0	0	50	0	0	0	0	50	50	0	50	0	0	50	0	0	0	0	0	0	0	0	0	0	0	0	0	0	0	0	0	50	50	0	0	0	0	0	0	0	0	0	0	0	0	0	0	0	0	0	0	0	0	0	0	0	0	0	0	0	0	0	0	0
'Ferroplasma acidarmanus fer1'	50	50	0	0	0	50	50	50	0	0	0	0	0	0	0	0	50	50	0	0	50	50	0	0	50	0	0	0	0	0	0	0	50	0	0	50	0	0	0	0	0	0	0	0	0	50	0	0	0	0	0	0	0	50	50	0	0	0	0	0	0	0	0	0	0	0	0	0	0	0	0	0	0	0	0	0	0	0	0	0	0	0	0	0	0	0
'Methanothermobacter'	50	50	50	0	0	50	0	0	50	0	0	0	0	0	0	0	0	50	50	50	50	50	50	0	50	50	50	0	50	50	50	50	50	50	50	50	0	0	0	0	0	0	0	0	0	0	0	0	0	0	0	0	0	0	0	0	0	0	0	0	0	0	0	0	0	0	0	0	0	0	0	0	0	0	0	0	0	0	0	50	0	0	0	0	0	0
'Methanobacterium'	50	50	50	0	50	50	0	0	50	0	0	0	0	0	0	0	0	50	0	0	50	50	50	50	50	50	50	50	50	50	50	50	50	50	50	50	0	0	0	0	0	0	0	0	0	0	0	0	0	0	0	0	0	0	0	0	0	0	0	0	0	0	0	0	0	0	0	0	0	0	0	0	0	0	0	0	0	0	0	0	0	0	0	0	0	0
