DATASET_EXTERNALSHAPE
SEPARATOR TAB
DATASET_LABEL	Annotation
COLOR	#ff0000
FIELD_COLORS	rgb(127,88,223)	rgb(193,166,214)	rgb(102,39,116)	rgb(87,210,213)	rgb(95,1,123)	rgb(192,235,9)	rgb(209,171,160)	rgb(210,157,84)	rgb(30,9,152)	rgb(250,79,180)	rgb(11,31,143)	rgb(248,16,93)	rgb(218,103,141)	rgb(46,186,109)	rgb(59,43,223)	rgb(111,138,16)	rgb(63,197,99)	rgb(117,225,224)	rgb(164,245,177)	rgb(4,159,191)	rgb(156,157,238)	rgb(135,92,45)	rgb(119,71,86)	rgb(96,194,7)	rgb(107,71,248)	rgb(51,89,248)	rgb(93,126,36)	rgb(104,39,245)	rgb(141,94,210)	rgb(79,222,21)	rgb(161,115,250)	rgb(78,153,36)	rgb(21,22,21)	rgb(68,9,189)	rgb(65,152,82)	rgb(239,54,98)	rgb(55,242,40)	rgb(67,153,45)	rgb(131,7,11)	rgb(100,32,129)	rgb(33,193,236)	rgb(193,81,39)	rgb(101,209,138)	rgb(171,189,121)	rgb(87,127,212)	rgb(129,169,244)	rgb(125,92,173)	rgb(248,206,210)	rgb(181,119,11)	rgb(71,202,129)	rgb(117,120,118)	rgb(123,229,75)	rgb(216,23,0)	rgb(205,220,226)	rgb(243,36,154)	rgb(226,116,21)	rgb(174,65,178)	rgb(66,216,9)	rgb(36,51,244)	rgb(74,210,141)	rgb(233,90,39)	rgb(143,215,253)	rgb(57,161,20)	rgb(4,198,165)	rgb(83,9,127)	rgb(174,39,80)	rgb(145,230,2)	rgb(51,110,186)	rgb(53,197,142)	rgb(195,3,69)	rgb(192,153,124)	rgb(28,105,102)	rgb(22,44,249)	rgb(38,217,180)	rgb(224,217,105)	rgb(90,121,238)	rgb(115,129,91)	rgb(142,247,133)	rgb(116,212,151)	rgb(27,224,124)	rgb(146,8,3)	rgb(197,42,79)	rgb(85,128,221)	rgb(168,49,110)	rgb(247,36,15)	rgb(59,8,53)	rgb(2,66,137)	rgb(125,194,232)	rgb(187,89,240)	rgb(14,48,203)	rgb(189,71,91)	rgb(82,147,21)	rgb(152,66,198)	rgb(142,113,57)	rgb(157,231,0)	rgb(95,178,168)
FIELD_LABELS	24373	2XUCK	arCOG00554	COG1202	243CX	2XTBV	arCOG00872	COG1111	2N96V	2XTPR	arCOG00555	COG1205	243PF	2XTH2	arCOG00770	COG1199	2N9A8	2XSV4	arCOG00553	COG1204	41SZS	2XPUH	23SJ7	2N90P	2XSTH	arCOG00557	COG1201	245MN	2Y8AN	arCOG00876	COG1061	243RC	2Y8EB	arCOG04818	COG0553	2N95D	2XTYQ	arCOG00874	23QEZ	2XUS4	arCOG00558	COG0513	245TM	arCOG08693	24250	3F2IQ	arCOG00394	COG0640	23NWH	2XPXU	23S7C	2XTDD	2N99K	2XPRS	2NAF4	2XTM8	arCOG04748	COG0556	23PZG	2Y86H	arCOG03143	arCOG07871	2XZR8	arCOG01444	COG1203	3F2IN	245U5	2XPNI	23Q48	23PF1	2XTWI	arCOG01445	23P6N	23TZI	2XQ1C	245V4	2N9AX	23QDG	3F2FT	2N91F	3F2ID	2N9ZG	23PD4	arCOG03042	2Y8EC	arCOG00883	2N92E	23SWE	23RKU	23QJX	23U4V	2XTND	arCOG06444	23SWF	2XTQ1	arCOG00871
LEGEND_TITLE	Legend
LEGEND_POSITION_X	100
LEGEND_POSITION_Y	100
LEGEND_SHAPES	1	1	1	1	1	1	1	1	1	1	1	1	1	1	1	1	1	1	1	1	1	1	1	1	1	1	1	1	1	1	1	1	1	1	1	1	1	1	1	1	1	1	1	1	1	1	1	1	1	1	1	1	1	1	1	1	1	1	1	1	1	1	1	1	1	1	1	1	1	1	1	1	1	1	1	1	1	1	1	1	1	1	1	1	1	1	1	1	1	1	1	1	1	1	1	1
LEGEND_COLORS	rgb(127,88,223)	rgb(193,166,214)	rgb(102,39,116)	rgb(87,210,213)	rgb(95,1,123)	rgb(192,235,9)	rgb(209,171,160)	rgb(210,157,84)	rgb(30,9,152)	rgb(250,79,180)	rgb(11,31,143)	rgb(248,16,93)	rgb(218,103,141)	rgb(46,186,109)	rgb(59,43,223)	rgb(111,138,16)	rgb(63,197,99)	rgb(117,225,224)	rgb(164,245,177)	rgb(4,159,191)	rgb(156,157,238)	rgb(135,92,45)	rgb(119,71,86)	rgb(96,194,7)	rgb(107,71,248)	rgb(51,89,248)	rgb(93,126,36)	rgb(104,39,245)	rgb(141,94,210)	rgb(79,222,21)	rgb(161,115,250)	rgb(78,153,36)	rgb(21,22,21)	rgb(68,9,189)	rgb(65,152,82)	rgb(239,54,98)	rgb(55,242,40)	rgb(67,153,45)	rgb(131,7,11)	rgb(100,32,129)	rgb(33,193,236)	rgb(193,81,39)	rgb(101,209,138)	rgb(171,189,121)	rgb(87,127,212)	rgb(129,169,244)	rgb(125,92,173)	rgb(248,206,210)	rgb(181,119,11)	rgb(71,202,129)	rgb(117,120,118)	rgb(123,229,75)	rgb(216,23,0)	rgb(205,220,226)	rgb(243,36,154)	rgb(226,116,21)	rgb(174,65,178)	rgb(66,216,9)	rgb(36,51,244)	rgb(74,210,141)	rgb(233,90,39)	rgb(143,215,253)	rgb(57,161,20)	rgb(4,198,165)	rgb(83,9,127)	rgb(174,39,80)	rgb(145,230,2)	rgb(51,110,186)	rgb(53,197,142)	rgb(195,3,69)	rgb(192,153,124)	rgb(28,105,102)	rgb(22,44,249)	rgb(38,217,180)	rgb(224,217,105)	rgb(90,121,238)	rgb(115,129,91)	rgb(142,247,133)	rgb(116,212,151)	rgb(27,224,124)	rgb(146,8,3)	rgb(197,42,79)	rgb(85,128,221)	rgb(168,49,110)	rgb(247,36,15)	rgb(59,8,53)	rgb(2,66,137)	rgb(125,194,232)	rgb(187,89,240)	rgb(14,48,203)	rgb(189,71,91)	rgb(82,147,21)	rgb(152,66,198)	rgb(142,113,57)	rgb(157,231,0)	rgb(95,178,168)
LEGEND_LABELS	24373	2XUCK	arCOG00554	COG1202	243CX	2XTBV	arCOG00872	COG1111	2N96V	2XTPR	arCOG00555	COG1205	243PF	2XTH2	arCOG00770	COG1199	2N9A8	2XSV4	arCOG00553	COG1204	41SZS	2XPUH	23SJ7	2N90P	2XSTH	arCOG00557	COG1201	245MN	2Y8AN	arCOG00876	COG1061	243RC	2Y8EB	arCOG04818	COG0553	2N95D	2XTYQ	arCOG00874	23QEZ	2XUS4	arCOG00558	COG0513	245TM	arCOG08693	24250	3F2IQ	arCOG00394	COG0640	23NWH	2XPXU	23S7C	2XTDD	2N99K	2XPRS	2NAF4	2XTM8	arCOG04748	COG0556	23PZG	2Y86H	arCOG03143	arCOG07871	2XZR8	arCOG01444	COG1203	3F2IN	245U5	2XPNI	23Q48	23PF1	2XTWI	arCOG01445	23P6N	23TZI	2XQ1C	245V4	2N9AX	23QDG	3F2FT	2N91F	3F2ID	2N9ZG	23PD4	arCOG03042	2Y8EC	arCOG00883	2N92E	23SWE	23RKU	23QJX	23U4V	2XTND	arCOG06444	23SWF	2XTQ1	arCOG00871
LEGEND_SHAPE_SCALES	1	1	1	1	1	1	1	1	1	1	1	1	1	1	1	1	1	1	1	1	1	1	1	1	1	1	1	1	1	1	1	1	1	1	1	1	1	1	1	1	1	1	1	1	1	1	1	1	1	1	1	1	1	1	1	1	1	1	1	1	1	1	1	1	1	1	1	1	1	1	1	1	1	1	1	1	1	1	1	1	1	1	1	1	1	1	1	1	1	1	1	1	1	1	1	1
DATA
Lokiarchaeum	50	50	50	50	50	50	50	50	50	50	50	50	50	50	50	50	0	0	0	0	0	0	0	0	0	0	0	0	0	0	0	0	0	0	0	0	0	0	0	0	0	0	0	0	0	0	0	0	0	0	0	0	0	0	0	0	0	0	0	0	0	0	0	0	0	0	0	0	0	0	0	0	0	0	0	0	0	0	0	0	0	0	0	0	0	0	0	0	0	0	0	0	0	0	0	0
'Candidatus Thorarchaeota archaeon SMTZ1-83'	50	50	50	50	50	50	50	50	0	0	50	50	50	50	50	50	50	50	50	50	50	50	50	50	50	50	50	0	0	0	0	0	0	0	0	0	0	0	0	0	0	0	0	0	0	0	0	0	0	0	0	0	0	0	0	0	0	0	0	0	0	0	0	0	0	0	0	0	0	0	0	0	0	0	0	0	0	0	0	0	0	0	0	0	0	0	0	0	0	0	0	0	0	0	0	0
'Candidatus Thorarchaeota archaeon SMTZ-45'	0	0	0	0	0	0	0	0	0	0	0	0	0	0	0	0	50	50	50	50	0	0	0	0	0	0	0	50	50	50	50	0	0	0	0	0	0	0	0	0	0	0	0	0	0	0	0	0	0	0	0	0	0	0	0	0	0	0	0	0	0	0	0	0	0	0	0	0	0	0	0	0	0	0	0	0	0	0	0	0	0	0	0	0	0	0	0	0	0	0	0	0	0	0	0	0
'Candidatus Thorarchaeota archaeon SMTZ1-45'	50	50	50	50	50	50	50	50	0	0	50	50	50	50	50	50	50	50	50	50	50	50	0	50	50	50	50	0	0	0	0	0	0	0	0	0	0	0	0	0	0	0	0	0	0	0	0	0	0	0	0	0	0	0	0	0	0	0	0	0	0	0	0	0	0	0	0	0	0	0	0	0	0	0	0	0	0	0	0	0	0	0	0	0	0	0	0	0	0	0	0	0	0	0	0	0
'Lokiarchaeota archaeon'	50	50	50	50	0	50	50	50	50	50	50	50	0	0	0	0	50	50	50	50	0	0	0	0	0	0	0	0	0	0	50	50	50	50	50	50	50	50	50	50	50	50	50	0	0	0	0	0	0	0	0	0	0	0	0	0	0	0	0	0	0	0	0	0	0	0	0	0	0	0	0	0	0	0	0	0	0	0	0	0	0	0	0	0	0	0	0	0	0	0	0	0	0	0	0	0
'Candidatus Heimdallarchaeota archaeon LC_3'	0	50	50	50	50	50	50	50	0	0	50	50	50	50	50	50	50	50	50	50	50	50	0	0	50	50	50	0	0	0	50	0	0	0	0	0	0	50	0	50	50	50	0	50	50	50	50	50	50	50	50	50	50	0	0	0	0	0	0	0	0	0	0	0	0	0	0	0	0	0	0	0	0	0	0	0	0	0	0	0	0	0	0	0	0	0	0	0	0	0	0	0	0	0	0	0
'Heimdallarchaeota archaeon'	50	50	50	50	50	50	50	50	50	50	50	50	50	50	50	50	50	50	50	50	50	50	0	50	50	50	50	0	0	0	0	50	0	0	0	0	0	0	0	0	0	0	0	50	0	50	50	50	50	0	0	0	0	50	50	50	50	50	0	0	0	0	0	0	0	0	0	0	0	0	0	0	0	0	0	0	0	0	0	0	0	0	0	0	0	0	0	0	0	0	0	0	0	0	0	0
'Odinarchaeota archaeon'	0	0	0	50	50	50	50	50	0	0	0	0	50	50	50	50	50	50	50	50	0	0	0	50	50	50	50	0	0	0	50	0	0	0	0	50	50	50	0	0	0	0	0	0	0	0	0	0	0	0	0	0	0	0	0	0	0	0	50	50	50	50	50	50	50	0	0	0	0	0	0	0	0	0	0	0	0	0	0	0	0	0	0	0	0	0	0	0	0	0	0	0	0	0	0	0
'Thorarchaeota archaeon'	50	50	50	50	50	50	50	50	0	50	50	50	50	50	50	50	50	50	50	50	50	50	50	50	50	50	50	0	0	0	50	50	0	0	0	0	50	50	0	0	0	0	0	50	50	50	50	50	0	0	0	0	0	50	0	0	0	0	50	50	50	50	0	0	50	50	50	50	50	50	50	50	50	50	50	50	50	50	50	0	0	0	0	0	0	0	0	0	0	0	0	0	0	0	0	0
'Candidatus Heimdallarchaeota archaeon AB_125'	0	0	0	0	50	50	50	50	0	0	0	0	50	50	50	50	0	0	0	0	0	0	0	0	50	50	50	0	0	0	0	0	0	0	0	0	0	0	0	0	0	0	0	0	0	50	0	0	0	0	0	0	0	0	0	0	0	0	0	0	0	0	0	0	0	0	0	0	0	0	0	0	0	0	0	0	0	0	0	0	0	0	0	0	0	0	0	0	0	0	0	0	0	0	0	0
'Candidatus Heimdallarchaeota archaeon'	50	50	50	50	50	50	50	50	0	0	0	0	50	50	50	50	50	50	50	50	0	0	0	50	50	50	50	0	0	0	50	50	0	0	0	50	50	50	0	0	0	0	0	0	50	50	50	50	0	0	0	0	0	0	0	0	0	0	50	50	50	0	0	0	0	0	0	0	50	0	0	0	0	0	0	0	0	0	0	50	50	0	0	0	0	0	0	0	0	0	0	0	0	0	0	0
'Candidatus Lokiarchaeota archaeon'	50	50	50	50	50	50	50	50	50	50	50	50	50	50	50	50	50	50	50	50	0	50	0	0	0	0	0	0	0	0	50	50	50	50	50	50	50	50	50	50	50	50	0	0	0	0	0	0	50	0	0	0	0	0	50	50	50	50	0	0	0	0	0	0	50	0	0	0	0	0	50	50	0	0	0	0	50	50	0	0	0	50	50	50	50	50	50	50	50	50	0	0	0	0	0	0
'Candidatus Lokiarchaeota archaeon Loki_b32'	50	50	50	50	50	50	50	50	50	50	50	50	50	50	50	50	0	0	0	0	0	0	0	0	0	0	0	0	0	0	0	0	0	0	0	0	0	0	50	50	50	50	0	0	0	0	0	0	0	0	0	0	0	0	0	0	0	0	0	0	0	0	0	0	0	0	0	0	0	0	0	0	0	0	0	0	0	0	0	0	0	0	0	0	0	0	0	0	0	0	0	0	0	0	0	0
'Candidatus Lokiarchaeota archaeon Loki_b31'	50	50	50	50	50	50	50	50	0	0	0	0	50	50	50	50	0	0	50	50	0	50	0	0	0	0	0	0	0	0	0	0	0	0	0	0	0	0	0	0	0	0	0	0	0	0	0	0	0	0	0	0	0	0	0	0	0	0	0	0	0	0	0	0	0	0	0	0	0	0	0	0	0	0	0	0	50	0	0	0	0	0	0	0	0	0	0	0	0	0	0	0	0	0	0	0
'Candidatus Prometheoarchaeum syntrophicum'	0	50	50	50	50	50	50	50	0	0	0	50	50	50	50	50	50	50	50	50	0	0	0	0	0	0	0	0	0	0	0	50	0	0	50	0	0	0	50	50	50	50	0	0	0	0	0	0	50	0	0	0	0	0	0	0	0	0	0	0	50	0	0	0	0	0	0	0	0	0	0	0	0	0	0	0	50	50	0	0	0	0	0	0	0	0	0	0	0	0	50	50	50	50	50	50
